SCEDTimestamp,RepeatedHourFlag,SettlementPoint,LMP
04/15/2022 04:00:20,N,AEEC,      -19.05
04/15/2022 04:00:20,N,AJAXWIND_RN,      -18.56
04/15/2022 04:00:20,N,ALGOD_ALL_RN,       34.21
04/15/2022 04:00:20,N,ALVIN_RN,       33.34
04/15/2022 04:00:20,N,AMADEUS_ALL,      -19.26
04/15/2022 04:00:20,N,AMISTAD_ALL,      -42.79
04/15/2022 04:00:20,N,AMOCOOIL_CC1,       33.32
04/15/2022 04:00:20,N,AMOCOOIL_CC2,       33.32
04/15/2022 04:00:20,N,AMOCO_PUN1,       33.32
04/15/2022 04:00:20,N,AMOCO_PUN2,       33.32
04/15/2022 04:00:20,N,AMO_AMOCO_1,       33.32
04/15/2022 04:00:20,N,AMO_AMOCO_2,       33.32
04/15/2022 04:00:20,N,AMO_AMOCO_5,       33.32
04/15/2022 04:00:20,N,AMO_AMOCO_G1,       33.32
04/15/2022 04:00:20,N,AMO_AMOCO_G2,       33.32
04/15/2022 04:00:20,N,AMO_AMOCO_G3,       33.32
04/15/2022 04:00:20,N,AMO_AMOCO_S1,       33.32
04/15/2022 04:00:20,N,AMO_AMOCO_S2,       33.32
04/15/2022 04:00:20,N,ANACACHO_ANA,      -34.07
04/15/2022 04:00:20,N,ANCHOR_ALL,      -20.29
04/15/2022 04:00:20,N,ANSON1_ALL,      -19.56
04/15/2022 04:00:20,N,AQUI_ALL,       32.97
04/15/2022 04:00:20,N,ARAGORN_RN,      -17.69
04/15/2022 04:00:20,N,ASTRA_RN,      -19.05
04/15/2022 04:00:20,N,ATK_ATKINSG7,       33.12
04/15/2022 04:00:20,N,AUSTPL_ALL,       33.15
04/15/2022 04:00:20,N,AVIAT_ALL,      -18.29
04/15/2022 04:00:20,N,AZURE_RN,      -19.55
04/15/2022 04:00:20,N,AZ_ALL,       33.29
04/15/2022 04:00:20,N,BAC_RN_ALL,       33.32
04/15/2022 04:00:20,N,BAFFIN_ALL,       34.22
04/15/2022 04:00:20,N,BAIRDWND_ALL,      -19.97
04/15/2022 04:00:20,N,BARROW_ALL,      -17.05
04/15/2022 04:00:20,N,BASTEN_CC1,       33.38
04/15/2022 04:00:20,N,BASTEN_CCU,       33.38
04/15/2022 04:00:20,N,BATCAVE_RN,       22.27
04/15/2022 04:00:20,N,BBREEZE_1_2,       34.63
04/15/2022 04:00:20,N,BCATWD_WD_1,      -32.91
04/15/2022 04:00:20,N,BCH_RN,       33.37
04/15/2022 04:00:20,N,BCK_RN,       33.36
04/15/2022 04:00:20,N,BIGSTAR_ALL,       33.41
04/15/2022 04:00:20,N,BLACKJAK_RN,       34.18
04/15/2022 04:00:20,N,BLSMT1_5_A_6,      -18.89
04/15/2022 04:00:20,N,BLUEJAY_RN,       33.13
04/15/2022 04:00:20,N,BOOTLEG_UN1,      -18.42
04/15/2022 04:00:20,N,BORDAS_345,       34.82
04/15/2022 04:00:20,N,BOSQUESW_CC1,       31.04
04/15/2022 04:00:20,N,BOSQUESW_CC2,       31.79
04/15/2022 04:00:20,N,BOSQ_BSQSU_5,       31.79
04/15/2022 04:00:20,N,BOSQ_BSQS_12,       31.79
04/15/2022 04:00:20,N,BOSQ_BSQS_34,       31.04
04/15/2022 04:00:20,N,BRANDON_RN,      -19.04
04/15/2022 04:00:20,N,BRAUNIG_CC1,       33.89
04/15/2022 04:00:20,N,BRAUNIG_VHB1,       33.83
04/15/2022 04:00:20,N,BRAUNIG_VHB2,       33.83
04/15/2022 04:00:20,N,BRAUNIG_VHB3,       33.83
04/15/2022 04:00:20,N,BRAZ_WND_ALL,      -19.86
04/15/2022 04:00:20,N,BRA_AVR1_CT2,       33.89
04/15/2022 04:00:20,N,BRA_AVR_CST1,       33.89
04/15/2022 04:00:20,N,BRHEIGHT_RN,       33.32
04/15/2022 04:00:20,N,BRIGHTSD_RN,       34.42
04/15/2022 04:00:20,N,BRISCOE_WIND,      -19.05
04/15/2022 04:00:20,N,BRPANGLE_RN,       33.39
04/15/2022 04:00:20,N,BRPMAGNO_RN,       33.32
04/15/2022 04:00:20,N,BRP_BRAZ_RN,       33.39
04/15/2022 04:00:20,N,BRP_DIKN_RN,       33.32
04/15/2022 04:00:20,N,BRP_LOOP_RN,       33.97
04/15/2022 04:00:20,N,BRP_LOP1_RN,       35.12
04/15/2022 04:00:20,N,BRP_PBL1_RN,       67.91
04/15/2022 04:00:20,N,BRP_PBL2_RN,       67.91
04/15/2022 04:00:20,N,BRP_RN_UNIT1,       33.69
04/15/2022 04:00:20,N,BRP_SEMI_RN,       33.33
04/15/2022 04:00:20,N,BRP_SWNY_RN,       33.39
04/15/2022 04:00:20,N,BRP_ZPT1_RN,       35.32
04/15/2022 04:00:20,N,BRP_ZPT2_RN,       35.32
04/15/2022 04:00:20,N,BRTSW_BCW1,       28.49
04/15/2022 04:00:20,N,BR_VHB6CT5_6,       33.83
04/15/2022 04:00:20,N,BR_VHB6CT7_8,       33.83
04/15/2022 04:00:20,N,BSS_U1,       33.39
04/15/2022 04:00:20,N,BTE_BTE_G1,       33.29
04/15/2022 04:00:20,N,BTE_BTE_G2,       33.29
04/15/2022 04:00:20,N,BTE_BTE_G3,       33.29
04/15/2022 04:00:20,N,BTE_BTE_G4,       33.29
04/15/2022 04:00:20,N,BTE_CC1,       33.29
04/15/2022 04:00:20,N,BTE_PUN1,       33.29
04/15/2022 04:00:20,N,BTE_PUN2,       33.29
04/15/2022 04:00:20,N,BUCHAN_ALL,       32.52
04/15/2022 04:00:20,N,BUCKTHRN_RN,       20.76
04/15/2022 04:00:20,N,BUFF_GAP_ALL,      -17.59
04/15/2022 04:00:20,N,BULLCRK_1_2,      -19.70
04/15/2022 04:00:20,N,BVE_CC1,       33.33
04/15/2022 04:00:20,N,BVE_UNIT1,       33.33
04/15/2022 04:00:20,N,BVE_UNIT2,       33.33
04/15/2022 04:00:20,N,BVE_UNIT3,       33.33
04/15/2022 04:00:20,N,BYRDR_ES_ALL,       33.39
04/15/2022 04:00:20,N,BYU_BYU_1,       33.31
04/15/2022 04:00:20,N,BYU_BYU_12,       33.31
04/15/2022 04:00:20,N,BYU_BYU_34,       33.31
04/15/2022 04:00:20,N,BYU_BYU_G8,       33.31
04/15/2022 04:00:20,N,BYU_CC1,       33.31
04/15/2022 04:00:20,N,BYU_PUN1,       33.31
04/15/2022 04:00:20,N,BYU_PUN2,       33.31
04/15/2022 04:00:20,N,BYU_PUN3,       33.31
04/15/2022 04:00:20,N,BYU_PUN4,       33.31
04/15/2022 04:00:20,N,B_DAVIS_3,       34.23
04/15/2022 04:00:20,N,B_DAVIS_4,       34.23
04/15/2022 04:00:20,N,B_DAVIS_CC1,       34.23
04/15/2022 04:00:20,N,B_D_B_DAVIG1,       34.23
04/15/2022 04:00:20,N,B_D_B_DAVIG2,       34.23
04/15/2022 04:00:20,N,CABEZON_ALL,       34.82
04/15/2022 04:00:20,N,CALAVER_JKS1,       33.93
04/15/2022 04:00:20,N,CALAVER_JKS2,       33.93
04/15/2022 04:00:20,N,CALAVER_JTD1,       33.81
04/15/2022 04:00:20,N,CALAVER_JTD2,       33.81
04/15/2022 04:00:20,N,CALAVER_OWS1,       33.81
04/15/2022 04:00:20,N,CALAVER_OWS2,       33.82
04/15/2022 04:00:20,N,CALHOUN_ALL,       33.83
04/15/2022 04:00:20,N,CALLAHA_WND1,      -16.07
04/15/2022 04:00:20,N,CAL_CALGT1,       33.29
04/15/2022 04:00:20,N,CAL_CALSTG1,       33.29
04/15/2022 04:00:20,N,CAL_CC1,       33.29
04/15/2022 04:00:20,N,CAL_PUN1,       33.29
04/15/2022 04:00:20,N,CAL_PUN2,       33.29
04/15/2022 04:00:20,N,CAMWIND_RN,       34.63
04/15/2022 04:00:20,N,CAPRIDG4_CR4,      -18.29
04/15/2022 04:00:20,N,CAPRIDGE_ALL,      -18.29
04/15/2022 04:00:20,N,CARBN_BSP_1,      -28.12
04/15/2022 04:00:20,N,CASL_GAP_UN1,      -18.91
04/15/2022 04:00:20,N,CBECII_1,       33.39
04/15/2022 04:00:20,N,CBECII_2,       33.39
04/15/2022 04:00:20,N,CBECII_89,       33.39
04/15/2022 04:00:20,N,CBECII_CC3,       33.39
04/15/2022 04:00:20,N,CBECII_CT7,       33.39
04/15/2022 04:00:20,N,CBEC_ALL,       33.53
04/15/2022 04:00:20,N,CBEC_CC1,       33.53
04/15/2022 04:00:20,N,CBEC_CC2,       33.53
04/15/2022 04:00:20,N,CBY4_ALL,       33.29
04/15/2022 04:00:20,N,CBY4_CC1,       33.29
04/15/2022 04:00:20,N,CBY_CBY_G1,       33.29
04/15/2022 04:00:20,N,CBY_CBY_G2,       33.29
04/15/2022 04:00:20,N,CCEC_CC1,       34.23
04/15/2022 04:00:20,N,CCEC_GT1,       34.23
04/15/2022 04:00:20,N,CCEC_GT2,       34.23
04/15/2022 04:00:20,N,CCEC_PUN1,       34.23
04/15/2022 04:00:20,N,CCEC_PUN2,       34.23
04/15/2022 04:00:20,N,CCEC_ST1,       34.23
04/15/2022 04:00:20,N,CEDROHI_CHW1,       35.03
04/15/2022 04:00:20,N,CFLATS_UNIT,       -1.08
04/15/2022 04:00:20,N,CHALUP_ALL,       34.63
04/15/2022 04:00:20,N,CHAMON_UN1,       33.29
04/15/2022 04:00:20,N,CHAMON_UN2,       33.29
04/15/2022 04:00:20,N,CHEDPW_GT2,       33.28
04/15/2022 04:00:20,N,CHE_CC1,       33.28
04/15/2022 04:00:20,N,CHE_LYD,       33.28
04/15/2022 04:00:20,N,CHE_LYD2,       33.28
04/15/2022 04:00:20,N,CHE_PUN1,       33.28
04/15/2022 04:00:20,N,CHE_PUN2,       33.28
04/15/2022 04:00:20,N,CHISMGRD_RN,       32.78
04/15/2022 04:00:20,N,CITYVICT_ALL,       33.96
04/15/2022 04:00:20,N,CN_BRKS_UNT1,      -19.05
04/15/2022 04:00:20,N,COL_COLETOG1,       34.07
04/15/2022 04:00:20,N,CONIGLIO_RN,       32.81
04/15/2022 04:00:20,N,CORAZON_RN,       34.93
04/15/2022 04:00:20,N,COTPLNS_RN,      -19.08
04/15/2022 04:00:20,N,COTTON_PAP2,       34.19
04/15/2022 04:00:20,N,CPSES_UNIT1,       33.38
04/15/2022 04:00:20,N,CPSES_UNIT2,       33.38
04/15/2022 04:00:20,N,CRANELL_ALL,       34.18
04/15/2022 04:00:20,N,CROSSETT_ALL,      -19.02
04/15/2022 04:00:20,N,CSC_CSECG1_2,      -19.77
04/15/2022 04:00:20,N,CVC_CC1,       33.28
04/15/2022 04:00:20,N,CVC_CVCG1_5,       33.28
04/15/2022 04:00:20,N,CVC_CVC_G2,       33.28
04/15/2022 04:00:20,N,CVC_CVC_G3,       33.28
04/15/2022 04:00:20,N,DANSBY_ALL,       33.11
04/15/2022 04:00:20,N,DC2SES_ALL,       30.13
04/15/2022 04:00:20,N,DC_E,       32.90
04/15/2022 04:00:20,N,DC_L,       35.27
04/15/2022 04:00:20,N,DC_N,      -18.81
04/15/2022 04:00:20,N,DC_R,       34.71
04/15/2022 04:00:20,N,DC_S,       73.60
04/15/2022 04:00:20,N,DDPEC_CC1,       33.30
04/15/2022 04:00:20,N,DDPEC_GT1,       33.30
04/15/2022 04:00:20,N,DDPEC_GT2,       33.30
04/15/2022 04:00:20,N,DDPEC_GT3,       33.30
04/15/2022 04:00:20,N,DDPEC_GT4,       33.30
04/15/2022 04:00:20,N,DDPEC_GT6,       33.30
04/15/2022 04:00:20,N,DDPEC_ST1,       33.30
04/15/2022 04:00:20,N,DECKER_DPG1,       33.20
04/15/2022 04:00:20,N,DECKER_DPG2,       33.20
04/15/2022 04:00:20,N,DECKER_GT,       33.25
04/15/2022 04:00:20,N,DENISON_G1_2,       32.74
04/15/2022 04:00:20,N,DERMOTT_ALL,      -19.26
04/15/2022 04:00:20,N,DIB_CC1,       33.30
04/15/2022 04:00:20,N,DIB_DIB_G1,       33.30
04/15/2022 04:00:20,N,DIB_DIB_G2,       33.30
04/15/2022 04:00:20,N,DIB_DIB_G3,       33.30
04/15/2022 04:00:20,N,DIB_DIB_G4,       33.30
04/15/2022 04:00:20,N,DIB_PUN1,       33.30
04/15/2022 04:00:20,N,DIB_PUN2,       33.30
04/15/2022 04:00:20,N,DOWGEN_PUN1,       33.38
04/15/2022 04:00:20,N,DOWGEN_PUN2,       33.38
04/15/2022 04:00:20,N,DOWGEN_PUN3,       33.38
04/15/2022 04:00:20,N,DOW_61_2_63,       33.38
04/15/2022 04:00:20,N,DOW_64,       33.38
04/15/2022 04:00:20,N,DOW_81_2_84,       33.38
04/15/2022 04:00:20,N,DOW_G37_G35,       33.38
04/15/2022 04:00:20,N,DOW_G66_ST65,       33.38
04/15/2022 04:00:20,N,DOW_G67,       33.38
04/15/2022 04:00:20,N,DOW_G96_ST95,       33.38
04/15/2022 04:00:20,N,DUKE_CC1,       34.66
04/15/2022 04:00:20,N,DUKE_GST1CCU,       34.66
04/15/2022 04:00:20,N,DUKE_GT2_CCU,       34.66
04/15/2022 04:00:20,N,DUP_PUN1,       33.95
04/15/2022 04:00:20,N,DUP_PUN2,       33.95
04/15/2022 04:00:20,N,DUP_PUN3,       33.95
04/15/2022 04:00:20,N,DUP_PUN4,       33.95
04/15/2022 04:00:20,N,ECLIPSE_UN1,      -36.68
04/15/2022 04:00:20,N,ELB_ELBCREEK,      -18.20
04/15/2022 04:00:20,N,ELECTRAW_1_2,      -18.82
04/15/2022 04:00:20,N,ELS_RN_1,       32.72
04/15/2022 04:00:20,N,EL_RAYO_ALL,       34.63
04/15/2022 04:00:20,N,ENAS_ENA1,      -20.70
04/15/2022 04:00:20,N,ERSL_RN,       36.77
04/15/2022 04:00:20,N,ETCCS_CC1,       32.70
04/15/2022 04:00:20,N,ETCCS_CCU,       32.70
04/15/2022 04:00:20,N,EUNICE_ALL,      -16.62
04/15/2022 04:00:20,N,EXGNSND_RN,       35.32
04/15/2022 04:00:20,N,EXGNWTL_1,       35.03
04/15/2022 04:00:20,N,EXN_14,       33.29
04/15/2022 04:00:20,N,EXN_1_3,       33.29
04/15/2022 04:00:20,N,EXN_4,       33.29
04/15/2022 04:00:20,N,EXN_8,       33.29
04/15/2022 04:00:20,N,EXN_9_13,       33.29
04/15/2022 04:00:20,N,EXN_PUN1,       33.29
04/15/2022 04:00:20,N,EXN_PUN2,       33.29
04/15/2022 04:00:20,N,EXN_PUN3,       33.29
04/15/2022 04:00:20,N,E_BLACK_RN,       33.21
04/15/2022 04:00:20,N,FAL_FALCONG1,       35.01
04/15/2022 04:00:20,N,FAL_FALCONG2,       35.01
04/15/2022 04:00:20,N,FAL_FALCONG3,       35.01
04/15/2022 04:00:20,N,FAULKNER_RN,      -17.76
04/15/2022 04:00:20,N,FEGC_RN,       33.34
04/15/2022 04:00:20,N,FERGCC_CC1,       31.03
04/15/2022 04:00:20,N,FERGCC_GT1_1,       31.03
04/15/2022 04:00:20,N,FERGCC_GT2_3,       31.03
04/15/2022 04:00:20,N,FERGCC_ST1_5,       31.03
04/15/2022 04:00:20,N,FERMI_ALL,      -37.28
04/15/2022 04:00:20,N,FLCNS_CC1,      -17.60
04/15/2022 04:00:20,N,FLCNS_UNIT1,      -17.60
04/15/2022 04:00:20,N,FLCNS_UNIT2,      -17.60
04/15/2022 04:00:20,N,FLCNS_UNIT3,      -17.60
04/15/2022 04:00:20,N,FLOWERII_RN,      -17.91
04/15/2022 04:00:20,N,FLTBES1,      -17.91
04/15/2022 04:00:20,N,FLTCK_SSI,       10.45
04/15/2022 04:00:20,N,FLUVANNA_1_2,      -19.42
04/15/2022 04:00:20,N,FLVABES1_ESR,      -17.91
04/15/2022 04:00:20,N,FOARDCTY_ALL,      -19.11
04/15/2022 04:00:20,N,FORMOSA_CC1,       33.81
04/15/2022 04:00:20,N,FORMOSA_CC2,       33.81
04/15/2022 04:00:20,N,FORMOSA_PUN1,       33.81
04/15/2022 04:00:20,N,FORMOSA_PUN2,       33.81
04/15/2022 04:00:20,N,FOXTROT_ALL,       34.18
04/15/2022 04:00:20,N,FO_FORMOSA11,       33.81
04/15/2022 04:00:20,N,FO_FORMOSA12,       33.81
04/15/2022 04:00:20,N,FO_FORMOSG1,       33.81
04/15/2022 04:00:20,N,FO_FORMOSG10,       33.81
04/15/2022 04:00:20,N,FO_FORMOSG13,       33.81
04/15/2022 04:00:20,N,FO_FORMOSG14,       33.81
04/15/2022 04:00:20,N,FO_FORMOSG15,       33.81
04/15/2022 04:00:20,N,FO_FORMOSG2,       33.81
04/15/2022 04:00:20,N,FO_FORMOSG3,       33.81
04/15/2022 04:00:20,N,FO_FORMOSG4,       33.81
04/15/2022 04:00:20,N,FO_FORMOSG5,       33.81
04/15/2022 04:00:20,N,FO_FORMOSG6,       33.81
04/15/2022 04:00:20,N,FO_FORMOSG7,       33.81
04/15/2022 04:00:20,N,FO_FORMOSG8,       33.81
04/15/2022 04:00:20,N,FO_FORMOSG9,       33.81
04/15/2022 04:00:20,N,FPPYD_FPP_G1,       33.40
04/15/2022 04:00:20,N,FPPYD_FPP_G2,       33.40
04/15/2022 04:00:20,N,FPPYD_FPP_G3,       33.40
04/15/2022 04:00:20,N,FREC_1_CCU,       32.88
04/15/2022 04:00:20,N,FREC_2_CCU,       32.93
04/15/2022 04:00:20,N,FREC_CC1,       32.88
04/15/2022 04:00:20,N,FREC_CC2,       32.93
04/15/2022 04:00:20,N,FRNYPP_1_CCU,       32.92
04/15/2022 04:00:20,N,FRNYPP_2_CCU,       32.92
04/15/2022 04:00:20,N,FRNYPP_CC1,       32.92
04/15/2022 04:00:20,N,FRNYPP_CC2,       32.92
04/15/2022 04:00:20,N,FTR_CC1,       33.16
04/15/2022 04:00:20,N,FTR_FTR_G1_4,       33.16
04/15/2022 04:00:20,N,FTWIND_UNIT1,      -16.57
04/15/2022 04:00:20,N,FWLR_SLR_1,      -18.99
04/15/2022 04:00:20,N,GALO_RN1,      -17.96
04/15/2022 04:00:20,N,GAMBIT_RN,       33.39
04/15/2022 04:00:20,N,GBY_GT,       33.29
04/15/2022 04:00:20,N,GID_GIDEONG1,       33.32
04/15/2022 04:00:20,N,GID_GIDEONG2,       33.32
04/15/2022 04:00:20,N,GID_GIDEONG3,       33.32
04/15/2022 04:00:20,N,GOA_GOATWIND,      -18.36
04/15/2022 04:00:20,N,GPASTURE_ALL,      -18.68
04/15/2022 04:00:20,N,GRANDVW1_A_B,      -19.04
04/15/2022 04:00:20,N,GREASWOD_ALL,      -18.44
04/15/2022 04:00:20,N,GRIF_TRL_RN,      -19.28
04/15/2022 04:00:20,N,GRSES_UNIT1,       -4.89
04/15/2022 04:00:20,N,GRSES_UNIT2,      -19.56
04/15/2022 04:00:20,N,GUADG_CC1,       33.68
04/15/2022 04:00:20,N,GUADG_CC2,       33.68
04/15/2022 04:00:20,N,GUADG_CCU1,       33.68
04/15/2022 04:00:20,N,GUADG_CCU2,       33.68
04/15/2022 04:00:20,N,GUNMTN_NODE,      -26.63
04/15/2022 04:00:20,N,GWEC_G1,        3.19
04/15/2022 04:00:20,N,HAYSEN1_2,       33.59
04/15/2022 04:00:20,N,HAYSEN3_4,       33.59
04/15/2022 04:00:20,N,HB_BUSAVG,       26.56
04/15/2022 04:00:20,N,HB_HOUSTON,       33.29
04/15/2022 04:00:20,N,HB_HUBAVG,       20.28
04/15/2022 04:00:20,N,HB_NORTH,       32.26
04/15/2022 04:00:20,N,HB_PAN,      -19.05
04/15/2022 04:00:20,N,HB_SOUTH,       33.79
04/15/2022 04:00:20,N,HB_WEST,      -18.22
04/15/2022 04:00:20,N,HELIOS_RN,       34.33
04/15/2022 04:00:20,N,HHGT_KENDAL,       33.75
04/15/2022 04:00:20,N,HHOLLW2_WND1,      -17.59
04/15/2022 04:00:20,N,HHOLLW3_WND1,      -17.59
04/15/2022 04:00:20,N,HHOLLW4_WND1,      -17.59
04/15/2022 04:00:20,N,HICK_G1_G2,      -18.60
04/15/2022 04:00:20,N,HI_LONEB_RN1,      -18.49
04/15/2022 04:00:20,N,HI_LONE_ALL,      -18.49
04/15/2022 04:00:20,N,HLSES_UNIT3,       32.88
04/15/2022 04:00:20,N,HLSES_UNIT4,       32.88
04/15/2022 04:00:20,N,HLSES_UNIT5,       32.88
04/15/2022 04:00:20,N,HOLSTEIN_ALL,      -18.20
04/15/2022 04:00:20,N,HORSCR_RN,      -19.08
04/15/2022 04:00:20,N,HORSECRK_RN,      -19.41
04/15/2022 04:00:20,N,HOVEY_GEN,      -18.12
04/15/2022 04:00:20,N,HRBESS_BESS,      -18.12
04/15/2022 04:00:20,N,HRFDWIND_ALL,      -19.05
04/15/2022 04:00:20,N,HWF_HWFG1,      -18.85
04/15/2022 04:00:20,N,H_HOLLO_WND1,      -17.59
04/15/2022 04:00:20,N,IMP_RN1,       32.89
04/15/2022 04:00:20,N,INDNENR_1_RN,      -20.54
04/15/2022 04:00:20,N,INDNENR_2_RN,      -19.71
04/15/2022 04:00:20,N,INDNNWP_RN,      -20.12
04/15/2022 04:00:20,N,INDN_INDNNWP,      -20.12
04/15/2022 04:00:20,N,IND_INADALE1,      -18.90
04/15/2022 04:00:20,N,INGLCOSW_CC1,       34.17
04/15/2022 04:00:20,N,INGLCOSW_STG,       34.17
04/15/2022 04:00:20,N,INGLCOS_CTG1,       34.17
04/15/2022 04:00:20,N,INGLCOS_CTG2,       34.17
04/15/2022 04:00:20,N,INGLCO_PUN1,       34.17
04/15/2022 04:00:20,N,INGLCO_PUN2,       34.17
04/15/2022 04:00:20,N,INGLCO_PUN3,       34.17
04/15/2022 04:00:20,N,INKS_INKS_G1,       32.52
04/15/2022 04:00:20,N,IN_INDNENR,      -20.54
04/15/2022 04:00:20,N,IN_INDNENR_2,      -20.54
04/15/2022 04:00:20,N,JACKCNTY_CC1,       25.20
04/15/2022 04:00:20,N,JACKCNTY_CT1,       25.20
04/15/2022 04:00:20,N,JACKCNTY_CT2,       25.20
04/15/2022 04:00:20,N,JACKCNTY_STG,       25.20
04/15/2022 04:00:20,N,JAY_RN_1,       33.35
04/15/2022 04:00:20,N,JCKCNTY2_CC1,       33.72
04/15/2022 04:00:20,N,JCKCNTY2_CT3,       33.72
04/15/2022 04:00:20,N,JCKCNTY2_CT4,       33.72
04/15/2022 04:00:20,N,JCKCNTY2_ST2,       33.72
04/15/2022 04:00:20,N,JC_BAT_RN,       31.84
04/15/2022 04:00:20,N,JUNO_ALL,      -18.99
04/15/2022 04:00:20,N,KARAKAW1_1,       34.20
04/15/2022 04:00:20,N,KARAKAW2_1,       34.20
04/15/2022 04:00:20,N,KEECHI_U1,       25.20
04/15/2022 04:00:20,N,KELAMSL_U1,       32.88
04/15/2022 04:00:20,N,KEO_KEO_SM1,      -19.08
04/15/2022 04:00:20,N,KINGE_ALL,      -18.92
04/15/2022 04:00:20,N,KINGW_ALL,      -18.91
04/15/2022 04:00:20,N,KING_KINGNE,      -18.92
04/15/2022 04:00:20,N,KING_KINGNW,      -18.91
04/15/2022 04:00:20,N,KING_KINGSE,      -18.92
04/15/2022 04:00:20,N,KING_KINGSW,      -18.91
04/15/2022 04:00:20,N,KMCHI_CC1,       32.89
04/15/2022 04:00:20,N,KMCHI_CC2,       32.89
04/15/2022 04:00:20,N,LAMESASLR_G,      -22.35
04/15/2022 04:00:20,N,LAPETUS_U1,      -17.27
04/15/2022 04:00:20,N,LARDVFTN_G4,       35.27
04/15/2022 04:00:20,N,LARDVFTN_G5,       35.27
04/15/2022 04:00:20,N,LASSO_GEN,      -18.21
04/15/2022 04:00:20,N,LEG_LEG_G1,       33.09
04/15/2022 04:00:20,N,LEG_LEG_G2,       33.09
04/15/2022 04:00:20,N,LEONLCPCT1_2,       33.92
04/15/2022 04:00:20,N,LEONLCPCT3_4,       33.92
04/15/2022 04:00:20,N,LGDRAW_S_ALL,      -18.99
04/15/2022 04:00:20,N,LGD_LANGFORD,      -28.40
04/15/2022 04:00:20,N,LGE_CC1,       34.17
04/15/2022 04:00:20,N,LGE_LGE_GT1,       34.17
04/15/2022 04:00:20,N,LGE_LGE_GT2,       34.17
04/15/2022 04:00:20,N,LGE_LGE_STG,       34.17
04/15/2022 04:00:20,N,LGE_PUN1,       34.17
04/15/2022 04:00:20,N,LGE_PUN2,       34.17
04/15/2022 04:00:20,N,LGW_UNIT_ALL,       -7.27
04/15/2022 04:00:20,N,LHM_CVC_G4,       33.28
04/15/2022 04:00:20,N,LHM_PUN1,       33.28
04/15/2022 04:00:20,N,LHM_PUN2,       33.28
04/15/2022 04:00:20,N,LHORN_N_U1_2,      -19.05
04/15/2022 04:00:20,N,LHSES_UNIT1,       32.91
04/15/2022 04:00:20,N,LHSES_UNIT2,       32.91
04/15/2022 04:00:20,N,LILY_RN,       32.81
04/15/2022 04:00:20,N,LMAJADAS_ALL,       34.63
04/15/2022 04:00:20,N,LNCRK_ALL,      -18.75
04/15/2022 04:00:20,N,LONEWOLF_ALL,      -18.63
04/15/2022 04:00:20,N,LOSTPI_CC1,       33.38
04/15/2022 04:00:20,N,LOS_LOSTPGT1,       33.38
04/15/2022 04:00:20,N,LOS_LOSTPGT2,       33.38
04/15/2022 04:00:20,N,LOS_LOSTPST1,       33.38
04/15/2022 04:00:20,N,LPCCS_CC1,       32.89
04/15/2022 04:00:20,N,LPCCS_CC2,       32.89
04/15/2022 04:00:20,N,LPCCS_CT11,       32.89
04/15/2022 04:00:20,N,LPCCS_CT12,       32.89
04/15/2022 04:00:20,N,LPCCS_CT21,       32.89
04/15/2022 04:00:20,N,LPCCS_CT22,       32.89
04/15/2022 04:00:20,N,LPCCS_UNIT1,       32.89
04/15/2022 04:00:20,N,LPCCS_UNIT2,       32.89
04/15/2022 04:00:20,N,LV1A_LV1B,       34.63
04/15/2022 04:00:20,N,LV3_UNIT1,       34.82
04/15/2022 04:00:20,N,LV4_UNIT_1,       34.82
04/15/2022 04:00:20,N,LV5_UNIT1,       34.82
04/15/2022 04:00:20,N,LZ_AEN,       33.14
04/15/2022 04:00:20,N,LZ_CPS,       33.80
04/15/2022 04:00:20,N,LZ_HOUSTON,       33.31
04/15/2022 04:00:20,N,LZ_LCRA,       30.97
04/15/2022 04:00:20,N,LZ_NORTH,       32.12
04/15/2022 04:00:20,N,LZ_RAYBN,       32.82
04/15/2022 04:00:20,N,LZ_SOUTH,       33.82
04/15/2022 04:00:20,N,LZ_WEST,      -17.00
04/15/2022 04:00:20,N,MADERO_RN,       34.71
04/15/2022 04:00:20,N,MARBFA,       31.66
04/15/2022 04:00:20,N,MARIAH_ALL,      -19.05
04/15/2022 04:00:20,N,MAR_MARSFOG1,       32.97
04/15/2022 04:00:20,N,MAR_MARSFOG2,       32.97
04/15/2022 04:00:20,N,MAR_MARSFOG3,       32.97
04/15/2022 04:00:20,N,MASSENGL_CC1,      -19.04
04/15/2022 04:00:20,N,MASSENGL_G6,      -19.04
04/15/2022 04:00:20,N,MASSENGL_G7,      -19.04
04/15/2022 04:00:20,N,MASSENGL_G8,      -19.04
04/15/2022 04:00:20,N,MAVCRK_W_ALL,      -17.96
04/15/2022 04:00:20,N,MCDLD_FCSBW1,      -22.76
04/15/2022 04:00:20,N,MCSES_UNIT6,       32.92
04/15/2022 04:00:20,N,MCSES_UNIT7,       32.92
04/15/2022 04:00:20,N,MCSES_UNIT8,       32.92
04/15/2022 04:00:20,N,MDANP_CT1_2,       32.99
04/15/2022 04:00:20,N,MDANP_CT3_4,       32.93
04/15/2022 04:00:20,N,MDANP_CT5_6,       32.99
04/15/2022 04:00:20,N,MESQCRK_ALL,      -18.99
04/15/2022 04:00:20,N,MESTENO_RN,       34.82
04/15/2022 04:00:20,N,MGSES_CT123,      -20.06
04/15/2022 04:00:20,N,MGSES_CT456,      -20.06
04/15/2022 04:00:20,N,MIAM1_G1_G2,      -19.03
04/15/2022 04:00:20,N,MIL_MILG1_2,       25.12
04/15/2022 04:00:20,N,MIL_MILG345,       25.12
04/15/2022 04:00:20,N,MIRAGE_G1,       33.31
04/15/2022 04:00:20,N,MIRASOLE_GEN,       34.74
04/15/2022 04:00:20,N,MISAE_GEN_RN,      -19.01
04/15/2022 04:00:20,N,MLSES_UNIT1,       32.92
04/15/2022 04:00:20,N,MLSES_UNIT2,       32.92
04/15/2022 04:00:20,N,MLSES_UNIT3,       32.92
04/15/2022 04:00:20,N,MOZART_WIND1,      -17.64
04/15/2022 04:00:20,N,MWEC_G1,      -18.49
04/15/2022 04:00:20,N,NACPW_UNIT1,       32.93
04/15/2022 04:00:20,N,NBOHR_RN,      -31.65
04/15/2022 04:00:20,N,NCARBIDEG8,       33.93
04/15/2022 04:00:20,N,NCARBIDE_1_7,       33.93
04/15/2022 04:00:20,N,NCARBID_PUN1,       33.93
04/15/2022 04:00:20,N,NCARBID_PUN2,       33.93
04/15/2022 04:00:20,N,NCO_RN,       33.39
04/15/2022 04:00:20,N,NEBULA_RN,       34.63
04/15/2022 04:00:20,N,NEDIN_CC1,       34.66
04/15/2022 04:00:20,N,NED_NEDIN_G1,       34.66
04/15/2022 04:00:20,N,NED_NEDIN_G2,       34.66
04/15/2022 04:00:20,N,NED_NEDIN_G3,       34.66
04/15/2022 04:00:20,N,NF_BRP_RN,       32.48
04/15/2022 04:00:20,N,NOBLESLR_ALL,       33.32
04/15/2022 04:00:20,N,NUECES_B_CC1,       34.23
04/15/2022 04:00:20,N,NUE_NUECESG7,       34.23
04/15/2022 04:00:20,N,NUE_NUECESG8,       34.23
04/15/2022 04:00:20,N,NUE_NUECESG9,       34.23
04/15/2022 04:00:20,N,NWF_NWF1,      -17.04
04/15/2022 04:00:20,N,OBERON_U1,      -17.30
04/15/2022 04:00:20,N,ODESW_RN,      -17.15
04/15/2022 04:00:20,N,OECCS_1,      -17.62
04/15/2022 04:00:20,N,OECCS_2,      -17.62
04/15/2022 04:00:20,N,OECCS_CC1,      -17.62
04/15/2022 04:00:20,N,OECCS_CC2,      -17.62
04/15/2022 04:00:20,N,OGSES_1,       33.09
04/15/2022 04:00:20,N,OGSES_2,       33.09
04/15/2022 04:00:20,N,OKLA_OKLA_G1,      -18.81
04/15/2022 04:00:20,N,OLIN_OLING_1,       32.90
04/15/2022 04:00:20,N,OLIN_OLING_2,       32.90
04/15/2022 04:00:20,N,OLIN_OLING_3,       32.90
04/15/2022 04:00:20,N,OLIN_OLING_4,       32.90
04/15/2022 04:00:20,N,OWF_OWF,      -21.12
04/15/2022 04:00:20,N,OXY_OXY_CCG1,       34.24
04/15/2022 04:00:20,N,OXY_PUN1,       34.24
04/15/2022 04:00:20,N,OXY_PUN2,       34.24
04/15/2022 04:00:20,N,PALMWI_UNIT1,       34.63
04/15/2022 04:00:20,N,PANDA_S_CC1,       32.41
04/15/2022 04:00:20,N,PANDA_S_CT1,       32.41
04/15/2022 04:00:20,N,PANDA_S_CT2,       32.41
04/15/2022 04:00:20,N,PANDA_S_ST1,       32.41
04/15/2022 04:00:20,N,PANDA_T1_CC1,       33.02
04/15/2022 04:00:20,N,PANDA_T1_CT1,       33.02
04/15/2022 04:00:20,N,PANDA_T1_CT2,       33.02
04/15/2022 04:00:20,N,PANDA_T1_ST1,       33.02
04/15/2022 04:00:20,N,PANDA_T2_CC1,       33.02
04/15/2022 04:00:20,N,PANDA_T2_CT1,       33.02
04/15/2022 04:00:20,N,PANDA_T2_CT2,       33.02
04/15/2022 04:00:20,N,PANDA_T2_ST1,       33.02
04/15/2022 04:00:20,N,PAP1_PAP1,       34.19
04/15/2022 04:00:20,N,PB2SES_CT1,      -17.51
04/15/2022 04:00:20,N,PB2SES_CT2,      -17.51
04/15/2022 04:00:20,N,PB2SES_CT3,      -17.51
04/15/2022 04:00:20,N,PB2SES_CT4,      -17.51
04/15/2022 04:00:20,N,PB2SES_CT5,      -17.51
04/15/2022 04:00:20,N,PC_NORTH_1,      -18.20
04/15/2022 04:00:20,N,PC_SOUTH_ALL,      -18.20
04/15/2022 04:00:20,N,PEARSA_1_24,       35.87
04/15/2022 04:00:20,N,PENA_ALL,       34.22
04/15/2022 04:00:20,N,PES1_RN,       33.31
04/15/2022 04:00:20,N,PEY_RN,       33.44
04/15/2022 04:00:20,N,PH1_UNIT1_2,      -19.04
04/15/2022 04:00:20,N,PH2_U1_U2,      -19.04
04/15/2022 04:00:20,N,PHILLWND_ALL,       32.76
04/15/2022 04:00:20,N,PHOEBE_ALL,      -17.34
04/15/2022 04:00:20,N,PHOENIX_RN,       32.78
04/15/2022 04:00:20,N,PLN_ALL,       33.42
04/15/2022 04:00:20,N,PNPI_GT2_RN,       33.33
04/15/2022 04:00:20,N,PRID_RN,      -19.16
04/15/2022 04:00:20,N,PROSPERO_ALL,      -16.74
04/15/2022 04:00:20,N,PRO_RN,       33.34
04/15/2022 04:00:20,N,PRSPERO2_ALL,      -16.74
04/15/2022 04:00:20,N,PR_PR_ALL,       33.29
04/15/2022 04:00:20,N,PR_PR_G2,       33.29
04/15/2022 04:00:20,N,PSA_CC1,       33.29
04/15/2022 04:00:20,N,PSA_PSA_G1,       33.29
04/15/2022 04:00:20,N,PSA_PSA_G2,       33.29
04/15/2022 04:00:20,N,PSA_PSA_G3,       33.29
04/15/2022 04:00:20,N,PSA_PSA_G4,       33.29
04/15/2022 04:00:20,N,PSA_PSA_G5,       33.29
04/15/2022 04:00:20,N,PSA_PSA_G6,       33.29
04/15/2022 04:00:20,N,PSA_PSA_G7,       33.29
04/15/2022 04:00:20,N,PSA_PUN1,       33.29
04/15/2022 04:00:20,N,PSA_PUN2,       33.29
04/15/2022 04:00:20,N,PSA_PUN3,       33.29
04/15/2022 04:00:20,N,PSA_PUN4,       33.29
04/15/2022 04:00:20,N,PSA_PUN5,       33.29
04/15/2022 04:00:20,N,PSG_CC1,       33.29
04/15/2022 04:00:20,N,PSG_PSG_GT2,       33.29
04/15/2022 04:00:20,N,PSG_PSG_GT3,       33.29
04/15/2022 04:00:20,N,PSG_PSG_ST1,       33.29
04/15/2022 04:00:20,N,PTLBES_BESS1,       33.90
04/15/2022 04:00:20,N,PYR_PYRON1,      -18.90
04/15/2022 04:00:20,N,QALSW_ALL,      -17.63
04/15/2022 04:00:20,N,QALSW_CC1,      -17.63
04/15/2022 04:00:20,N,QALSW_CC2,      -17.63
04/15/2022 04:00:20,N,QUEEN_BA_RN,      -18.33
04/15/2022 04:00:20,N,QUEEN_SL_RN,      -18.33
04/15/2022 04:00:20,N,RAB_G1-8,       33.33
04/15/2022 04:00:20,N,RADN_SLR_ALL,      -18.12
04/15/2022 04:00:20,N,RAMBLER_UNIT,      -18.04
04/15/2022 04:00:20,N,RANCHERO_ALL,      -18.55
04/15/2022 04:00:20,N,RAT_RN_1,      -15.67
04/15/2022 04:00:20,N,RAYBURN_CC1,       33.99
04/15/2022 04:00:20,N,RAYBURN_G1_2,       34.00
04/15/2022 04:00:20,N,RAYB_G78910,       33.99
04/15/2022 04:00:20,N,RDCAN_RDCNY1,      -19.66
04/15/2022 04:00:20,N,REDBARN_RN,      -18.42
04/15/2022 04:00:20,N,REDFISH_ALL,       34.58
04/15/2022 04:00:20,N,REDGATE_ALL,       34.66
04/15/2022 04:00:20,N,REDGATE_RN,       34.66
04/15/2022 04:00:20,N,RELOJ_ALL,       34.82
04/15/2022 04:00:20,N,REROCK_ALL,      -18.12
04/15/2022 04:00:20,N,RHESS2_ESS1,       33.18
04/15/2022 04:00:20,N,RHESS_1,       33.18
04/15/2022 04:00:20,N,RIGGIN_UNIT1,      -18.28
04/15/2022 04:00:20,N,RIONOG_CC1,       33.61
04/15/2022 04:00:20,N,RIONOG_CT1,       33.61
04/15/2022 04:00:20,N,RIONOG_CT2,       33.61
04/15/2022 04:00:20,N,RIONOG_CT3,       33.61
04/15/2022 04:00:20,N,RIONOG_ST1,       33.61
04/15/2022 04:00:20,N,RIPPEY_ALL,       30.01
04/15/2022 04:00:20,N,RN_APOGEE,      -18.57
04/15/2022 04:00:20,N,RN_BYU_G8,       33.31
04/15/2022 04:00:20,N,RN_DEC_AGR_A,       32.34
04/15/2022 04:00:20,N,RN_DEC_AGR_B,       32.34
04/15/2022 04:00:20,N,RN_DEC_AGR_C,       32.34
04/15/2022 04:00:20,N,RN_DEC_AGR_D,       32.34
04/15/2022 04:00:20,N,RN_ECEC_HOLT,      -17.20
04/15/2022 04:00:20,N,RN_OCI_ALAMO,       33.86
04/15/2022 04:00:20,N,RN_RTS1,      -18.03
04/15/2022 04:00:20,N,RN_SR_WIND1,       34.63
04/15/2022 04:00:20,N,RN_TOSBATT,      -20.45
04/15/2022 04:00:20,N,ROSELAND_ALL,       32.85
04/15/2022 04:00:20,N,ROUTE66_RN,      -19.04
04/15/2022 04:00:20,N,RPUBRDS_RN,       33.06
04/15/2022 04:00:20,N,RSK_RN,      -31.65
04/15/2022 04:00:20,N,SADLBACK_RN,      -17.80
04/15/2022 04:00:20,N,SALVTION_GEN,      -19.41
04/15/2022 04:00:20,N,SAMSON_ALL,       32.90
04/15/2022 04:00:20,N,SANDHSYD1_2,       33.20
04/15/2022 04:00:20,N,SANDHSYD3_4,       33.20
04/15/2022 04:00:20,N,SANDHSYD6_7,       33.20
04/15/2022 04:00:20,N,SANDHSYD_5AC,       33.20
04/15/2022 04:00:20,N,SANDHSYD_CC1,       33.20
04/15/2022 04:00:20,N,SANTACRU_ALL,       34.24
04/15/2022 04:00:20,N,SAN_SANMIGG1,       34.30
04/15/2022 04:00:20,N,SBE_RN_1,       33.36
04/15/2022 04:00:20,N,SC2SES_UNIT1,       32.93
04/15/2022 04:00:20,N,SCES_UNIT1,       32.85
04/15/2022 04:00:20,N,SCLP_PUN1,       33.39
04/15/2022 04:00:20,N,SCLP_PUN2,       33.39
04/15/2022 04:00:20,N,SCLP_PUN3,       33.39
04/15/2022 04:00:20,N,SCLP_PUN4,       33.39
04/15/2022 04:00:20,N,SCLP_SCLPC_1,       33.39
04/15/2022 04:00:20,N,SCLP_SCLPC_2,       33.39
04/15/2022 04:00:20,N,SCLP_SCLPC_3,       33.39
04/15/2022 04:00:20,N,SCLP_SCLPC_4,       33.39
04/15/2022 04:00:20,N,SCSES_UNIT2,       32.93
04/15/2022 04:00:20,N,SDSES_PUN1,       33.06
04/15/2022 04:00:20,N,SDSES_PUN2,       33.06
04/15/2022 04:00:20,N,SDSES_PUN3,       33.06
04/15/2022 04:00:20,N,SDSES_PUN4,       33.06
04/15/2022 04:00:20,N,SENATEWD_1,      -20.03
04/15/2022 04:00:20,N,SGM_SIGNALMT,      -28.79
04/15/2022 04:00:20,N,SGSA_DGR,      -18.12
04/15/2022 04:00:20,N,SHAFFER_ALL,       34.22
04/15/2022 04:00:20,N,SHANNONW_RN,      -19.29
04/15/2022 04:00:20,N,SILASRAY_CC1,       34.63
04/15/2022 04:00:20,N,SIL_SILAS_10,       34.63
04/15/2022 04:00:20,N,SIL_SILAS_6,       34.63
04/15/2022 04:00:20,N,SIL_SILAS_9,       34.63
04/15/2022 04:00:20,N,SIRIUS_UNIT1,      -19.71
04/15/2022 04:00:20,N,SJS_SJS_G1,       33.30
04/15/2022 04:00:20,N,SJS_SJS_G2,       33.30
04/15/2022 04:00:20,N,SKY1,       33.52
04/15/2022 04:00:20,N,SLCN_ESS_ALL,       33.23
04/15/2022 04:00:20,N,SLTFRK_UN1_2,      -19.03
04/15/2022 04:00:20,N,SL_PUN1,       33.29
04/15/2022 04:00:20,N,SL_PUN2,       33.29
04/15/2022 04:00:20,N,SL_SL_G1,       33.29
04/15/2022 04:00:20,N,SL_SL_G2,       33.29
04/15/2022 04:00:20,N,SL_SL_G3,       33.29
04/15/2022 04:00:20,N,SL_SL_G4,       33.29
04/15/2022 04:00:20,N,SNY_BESS_RN,      -20.57
04/15/2022 04:00:20,N,SOLARA_UNIT1,      -16.16
04/15/2022 04:00:20,N,SPARTA_ALL,       34.18
04/15/2022 04:00:20,N,SPLAIN1_RN,      -19.08
04/15/2022 04:00:20,N,SPLAIN2_RN,      -19.08
04/15/2022 04:00:20,N,SPNC_SPNCE_4,       32.09
04/15/2022 04:00:20,N,SPNC_SPNCE_5,       32.09
04/15/2022 04:00:20,N,SPTX12B_RN,      -18.91
04/15/2022 04:00:20,N,SRWE1_UNIT1,      -18.99
04/15/2022 04:00:20,N,SSPURT_WIND1,      -19.04
04/15/2022 04:00:20,N,STEAM_ENG123,       32.90
04/15/2022 04:00:20,N,STEA_STEAM_1,       32.90
04/15/2022 04:00:20,N,STEA_STEAM_2,       32.90
04/15/2022 04:00:20,N,STEA_STEAM_3,       32.90
04/15/2022 04:00:20,N,STELLA_RN,       34.22
04/15/2022 04:00:20,N,STP_STP_G1,       33.46
04/15/2022 04:00:20,N,STP_STP_G2,       33.46
04/15/2022 04:00:20,N,STRATEGC_RN,       33.03
04/15/2022 04:00:20,N,STWF_T1,      -17.23
04/15/2022 04:00:20,N,SWEC_G1,        1.08
04/15/2022 04:00:20,N,SWEETWN2_2_4,      -18.59
04/15/2022 04:00:20,N,SWEETWN3_3,      -18.59
04/15/2022 04:00:20,N,SWEETWND_1,      -18.59
04/15/2022 04:00:20,N,SWOOSE1_U1,      -17.61
04/15/2022 04:00:20,N,SWOOSEII_RN,      -17.61
04/15/2022 04:00:20,N,SWTWN4_WND45,      -18.59
04/15/2022 04:00:20,N,SWT_BESS_RN,      -18.02
04/15/2022 04:00:20,N,S_HILLS_RN,      -23.86
04/15/2022 04:00:20,N,TAHOKA_ALL,      -19.01
04/15/2022 04:00:20,N,TAV_RN,       33.32
04/15/2022 04:00:20,N,TAYGETE2_ALL,      -17.99
04/15/2022 04:00:20,N,TAYGETE_ALL,      -17.99
04/15/2022 04:00:20,N,TC_PUN1,       33.31
04/15/2022 04:00:20,N,TC_PUN2,       33.31
04/15/2022 04:00:20,N,TC_TCHP1,       33.31
04/15/2022 04:00:20,N,TEN_CC1,       31.69
04/15/2022 04:00:20,N,TEN_CT1_STG,       31.69
04/15/2022 04:00:20,N,TGCCS_ALL,       32.92
04/15/2022 04:00:20,N,TGCCS_CC1,       32.92
04/15/2022 04:00:20,N,TGF_TGFGT,       33.49
04/15/2022 04:00:20,N,TGW_T1_T2,       34.22
04/15/2022 04:00:20,N,THW_1_CCU,       33.28
04/15/2022 04:00:20,N,THW_2_CCU,       33.28
04/15/2022 04:00:20,N,THW_CC1,       33.28
04/15/2022 04:00:20,N,THW_CC2,       33.28
04/15/2022 04:00:20,N,THW_THWGT5X,       33.27
04/15/2022 04:00:20,N,THW_THWGT_1,       33.27
04/15/2022 04:00:20,N,TI_SOLAR_ALL,      -17.69
04/15/2022 04:00:20,N,TKWSW_CHAMP,      -18.90
04/15/2022 04:00:20,N,TKWSW_ROSCOE,      -18.90
04/15/2022 04:00:20,N,TNP_TNP_O_1,       33.06
04/15/2022 04:00:20,N,TNP_TNP_O_2,       33.06
04/15/2022 04:00:20,N,TNSKA_CC1,       32.87
04/15/2022 04:00:20,N,TNSKA_CCU,       32.87
04/15/2022 04:00:20,N,TOPAZ_ALL,       33.32
04/15/2022 04:00:20,N,TORR_ALL,       34.93
04/15/2022 04:00:20,N,TOYAH_RN,      -18.12
04/15/2022 04:00:20,N,TRENT_TRENT,      -17.23
04/15/2022 04:00:20,N,TRINITY_ALL,      -18.88
04/15/2022 04:00:20,N,TRIPBUT1_RN,      -18.22
04/15/2022 04:00:20,N,TRSES_UNIT6,       32.81
04/15/2022 04:00:20,N,TRUENO_ALL,       34.63
04/15/2022 04:00:20,N,TRUSGILL_RN,      -19.35
04/15/2022 04:00:20,N,TTRSW_RN,       32.90
04/15/2022 04:00:20,N,TTWEC_G1,      -16.71
04/15/2022 04:00:20,N,TXCTY_CC1,       33.32
04/15/2022 04:00:20,N,TXCTY_CTA,       33.32
04/15/2022 04:00:20,N,TXCTY_CTB,       33.32
04/15/2022 04:00:20,N,TXCTY_CTC,       33.32
04/15/2022 04:00:20,N,TXCTY_ST,       33.32
04/15/2022 04:00:20,N,TYLRWIND_RN,       26.59
04/15/2022 04:00:20,N,T_CK_GT2_RN,      -19.04
04/15/2022 04:00:20,N,T_CK_GT3_RN,      -19.04
04/15/2022 04:00:20,N,UCC_COG_PUN2,       33.32
04/15/2022 04:00:20,N,UCC_UCC_C_2,       33.32
04/15/2022 04:00:20,N,VANCOURT_RN,       34.63
04/15/2022 04:00:20,N,VENADO_ALL,       35.11
04/15/2022 04:00:20,N,VERAWIND_ALL,      -19.35
04/15/2022 04:00:20,N,VERTIGO_UN1,      -18.68
04/15/2022 04:00:20,N,VICTORIA_CC1,       33.96
04/15/2022 04:00:20,N,VICTPORT_ALL,       33.95
04/15/2022 04:00:20,N,VICTPORT_RN,       33.95
04/15/2022 04:00:20,N,VIC_VICTORG5,       33.96
04/15/2022 04:00:20,N,VIC_VICTORG6,       33.96
04/15/2022 04:00:20,N,VISION_RN,       33.07
04/15/2022 04:00:20,N,VLSES_UNIT3,       32.89
04/15/2022 04:00:20,N,VORT_ALL_RN,      -19.75
04/15/2022 04:00:20,N,WAKEWE_ALL,      -19.13
04/15/2022 04:00:20,N,WAP_WAPGT_1,       33.33
04/15/2022 04:00:20,N,WAP_WAP_G1,       33.33
04/15/2022 04:00:20,N,WAP_WAP_G2,       33.33
04/15/2022 04:00:20,N,WAP_WAP_G3,       33.32
04/15/2022 04:00:20,N,WAP_WAP_G4,       33.32
04/15/2022 04:00:20,N,WAP_WAP_G5,       33.33
04/15/2022 04:00:20,N,WAP_WAP_G6,       33.33
04/15/2022 04:00:20,N,WAP_WAP_G7,       33.33
04/15/2022 04:00:20,N,WAP_WAP_G8,       33.33
04/15/2022 04:00:20,N,WAYMARK_RN,      -18.42
04/15/2022 04:00:20,N,WCPP_CC1,       33.65
04/15/2022 04:00:20,N,WCPP_CT1,       33.65
04/15/2022 04:00:20,N,WCPP_CT2,       33.65
04/15/2022 04:00:20,N,WCPP_ST1,       33.65
04/15/2022 04:00:20,N,WEBBER_WS_T1,       33.32
04/15/2022 04:00:20,N,WEC_WECG1,      -17.55
04/15/2022 04:00:20,N,WES_ALL,       33.39
04/15/2022 04:00:20,N,WFCOGEN_13,      -14.74
04/15/2022 04:00:20,N,WFCOGEN_24,      -14.74
04/15/2022 04:00:20,N,WFCOGEN_CC1,      -14.74
04/15/2022 04:00:20,N,WGU_RN,       33.38
04/15/2022 04:00:20,N,WHCCS2_4,       33.16
04/15/2022 04:00:20,N,WHCCS2_5_6,       33.16
04/15/2022 04:00:20,N,WHCCS2_CC2,       33.16
04/15/2022 04:00:20,N,WHCCS_CC1,       33.17
04/15/2022 04:00:20,N,WHCCS_CT1_ST,       33.17
04/15/2022 04:00:20,N,WHCCS_CT2,       33.17
04/15/2022 04:00:20,N,WHITE_PT_UN1,       34.18
04/15/2022 04:00:20,N,WHMESA_U1,      -18.60
04/15/2022 04:00:20,N,WHTTAIL_WR1,       25.07
04/15/2022 04:00:20,N,WH_WIND_ALL,      -19.23
04/15/2022 04:00:20,N,WILDWIND_ALL,       33.26
04/15/2022 04:00:20,N,WIPOPA_1_2,       33.40
04/15/2022 04:00:20,N,WIPOPA_3_4,       33.40
04/15/2022 04:00:20,N,WIR_WIRTZ_G1,       31.28
04/15/2022 04:00:20,N,WIR_WIRTZ_G2,       31.28
04/15/2022 04:00:20,N,WL_RANCH_RN,      -18.81
04/15/2022 04:00:20,N,WNDTS2_UNIT1,      -22.33
04/15/2022 04:00:20,N,WND_WHITNEY,       30.92
04/15/2022 04:00:20,N,WOODWRD1_RN,      -19.06
04/15/2022 04:00:20,N,WOODWRD2_RN,      -19.06
04/15/2022 04:00:20,N,WOO_WOODWRD1,      -19.06
04/15/2022 04:00:20,N,WOO_WOODWRD2,      -19.08
04/15/2022 04:00:20,N,WOV_BESS_RN,      -17.17
04/15/2022 04:00:20,N,WRSBES_BESS1,      -17.70
04/15/2022 04:00:20,N,W_PECO_UNIT1,      -17.66
04/15/2022 04:00:20,N,X443ESRN,       33.81
