SCEDTimestamp,RepeatedHourFlag,SettlementPoint,LMP
04/17/2022 22:21:47,N,AEEC,       62.82
04/17/2022 22:21:47,N,AJAXWIND_RN,       63.54
04/17/2022 22:21:47,N,ALGOD_ALL_RN,       66.85
04/17/2022 22:21:47,N,ALVIN_RN,       65.74
04/17/2022 22:21:47,N,AMADEUS_ALL,       60.75
04/17/2022 22:21:47,N,AMISTAD_ALL,       74.00
04/17/2022 22:21:47,N,AMOCOOIL_CC1,       65.71
04/17/2022 22:21:47,N,AMOCOOIL_CC2,       65.71
04/17/2022 22:21:47,N,AMOCO_PUN1,       65.71
04/17/2022 22:21:47,N,AMOCO_PUN2,       65.71
04/17/2022 22:21:47,N,AMO_AMOCO_1,       65.71
04/17/2022 22:21:47,N,AMO_AMOCO_2,       65.71
04/17/2022 22:21:47,N,AMO_AMOCO_5,       65.71
04/17/2022 22:21:47,N,AMO_AMOCO_G1,       65.71
04/17/2022 22:21:47,N,AMO_AMOCO_G2,       65.71
04/17/2022 22:21:47,N,AMO_AMOCO_G3,       65.71
04/17/2022 22:21:47,N,AMO_AMOCO_S1,       65.71
04/17/2022 22:21:47,N,AMO_AMOCO_S2,       65.71
04/17/2022 22:21:47,N,ANACACHO_ANA,       70.91
04/17/2022 22:21:47,N,ANCHOR_ALL,       63.78
04/17/2022 22:21:47,N,ANSON1_ALL,       63.03
04/17/2022 22:21:47,N,AQUI_ALL,       64.75
04/17/2022 22:21:47,N,ARAGORN_RN,       94.41
04/17/2022 22:21:47,N,ASTRA_RN,       62.75
04/17/2022 22:21:47,N,ATK_ATKINSG7,       65.38
04/17/2022 22:21:47,N,AUSTPL_ALL,       66.33
04/17/2022 22:21:47,N,AVIAT_ALL,       66.85
04/17/2022 22:21:47,N,AZURE_RN,       62.79
04/17/2022 22:21:47,N,AZ_ALL,       65.63
04/17/2022 22:21:47,N,BAC_RN_ALL,       65.71
04/17/2022 22:21:47,N,BAFFIN_ALL,       66.82
04/17/2022 22:21:47,N,BAIRDWND_ALL,       63.40
04/17/2022 22:21:47,N,BARROW_ALL,      101.83
04/17/2022 22:21:47,N,BASTEN_CC1,       66.31
04/17/2022 22:21:47,N,BASTEN_CCU,       66.31
04/17/2022 22:21:47,N,BATCAVE_RN,       67.20
04/17/2022 22:21:47,N,BBREEZE_1_2,       66.95
04/17/2022 22:21:47,N,BCATWD_WD_1,       63.76
04/17/2022 22:21:47,N,BCH_RN,       65.81
04/17/2022 22:21:47,N,BCK_RN,       65.80
04/17/2022 22:21:47,N,BIGSTAR_ALL,       66.32
04/17/2022 22:21:47,N,BLACKJAK_RN,       66.84
04/17/2022 22:21:47,N,BLSMT1_5_A_6,       63.21
04/17/2022 22:21:47,N,BLUEJAY_RN,       65.36
04/17/2022 22:21:47,N,BOOTLEG_UN1,       87.24
04/17/2022 22:21:47,N,BORDAS_345,       67.02
04/17/2022 22:21:47,N,BOSQUESW_CC1,       64.94
04/17/2022 22:21:47,N,BOSQUESW_CC2,       65.00
04/17/2022 22:21:47,N,BOSQ_BSQSU_5,       65.00
04/17/2022 22:21:47,N,BOSQ_BSQS_12,       65.00
04/17/2022 22:21:47,N,BOSQ_BSQS_34,       64.94
04/17/2022 22:21:47,N,BRANDON_RN,       62.96
04/17/2022 22:21:47,N,BRAUNIG_CC1,       67.19
04/17/2022 22:21:47,N,BRAUNIG_VHB1,       67.07
04/17/2022 22:21:47,N,BRAUNIG_VHB2,       67.09
04/17/2022 22:21:47,N,BRAUNIG_VHB3,       67.13
04/17/2022 22:21:47,N,BRAZ_WND_ALL,       44.71
04/17/2022 22:21:47,N,BRA_AVR1_CT2,       67.19
04/17/2022 22:21:47,N,BRA_AVR_CST1,       67.19
04/17/2022 22:21:47,N,BRHEIGHT_RN,       65.71
04/17/2022 22:21:47,N,BRIGHTSD_RN,       67.00
04/17/2022 22:21:47,N,BRISCOE_WIND,       62.72
04/17/2022 22:21:47,N,BRPANGLE_RN,       65.86
04/17/2022 22:21:47,N,BRPMAGNO_RN,       65.72
04/17/2022 22:21:47,N,BRP_BRAZ_RN,       65.86
04/17/2022 22:21:47,N,BRP_DIKN_RN,       65.72
04/17/2022 22:21:47,N,BRP_LOOP_RN,       66.69
04/17/2022 22:21:47,N,BRP_LOP1_RN,       67.07
04/17/2022 22:21:47,N,BRP_PBL1_RN,       70.81
04/17/2022 22:21:47,N,BRP_PBL2_RN,       70.81
04/17/2022 22:21:47,N,BRP_RN_UNIT1,       67.27
04/17/2022 22:21:47,N,BRP_SEMI_RN,       65.72
04/17/2022 22:21:47,N,BRP_SWNY_RN,       65.86
04/17/2022 22:21:47,N,BRP_ZPT1_RN,       67.12
04/17/2022 22:21:47,N,BRP_ZPT2_RN,       67.12
04/17/2022 22:21:47,N,BRTSW_BCW1,       64.23
04/17/2022 22:21:47,N,BR_VHB6CT5_6,       67.07
04/17/2022 22:21:47,N,BR_VHB6CT7_8,       67.07
04/17/2022 22:21:47,N,BSS_U1,       65.86
04/17/2022 22:21:47,N,BTE_BTE_G1,       65.62
04/17/2022 22:21:47,N,BTE_BTE_G2,       65.62
04/17/2022 22:21:47,N,BTE_BTE_G3,       65.62
04/17/2022 22:21:47,N,BTE_BTE_G4,       65.62
04/17/2022 22:21:47,N,BTE_CC1,       65.62
04/17/2022 22:21:47,N,BTE_PUN1,       65.62
04/17/2022 22:21:47,N,BTE_PUN2,       65.62
04/17/2022 22:21:47,N,BUCHAN_ALL,       66.47
04/17/2022 22:21:47,N,BUCKTHRN_RN,       64.36
04/17/2022 22:21:47,N,BUFF_GAP_ALL,       64.68
04/17/2022 22:21:47,N,BULLCRK_1_2,       51.34
04/17/2022 22:21:47,N,BVE_CC1,       65.74
04/17/2022 22:21:47,N,BVE_UNIT1,       65.74
04/17/2022 22:21:47,N,BVE_UNIT2,       65.74
04/17/2022 22:21:47,N,BVE_UNIT3,       65.74
04/17/2022 22:21:47,N,BYRDR_ES_ALL,       65.86
04/17/2022 22:21:47,N,BYU_BYU_1,       65.67
04/17/2022 22:21:47,N,BYU_BYU_12,       65.67
04/17/2022 22:21:47,N,BYU_BYU_34,       65.67
04/17/2022 22:21:47,N,BYU_BYU_G8,       65.67
04/17/2022 22:21:47,N,BYU_CC1,       65.67
04/17/2022 22:21:47,N,BYU_PUN1,       65.67
04/17/2022 22:21:47,N,BYU_PUN2,       65.67
04/17/2022 22:21:47,N,BYU_PUN3,       65.67
04/17/2022 22:21:47,N,BYU_PUN4,       65.67
04/17/2022 22:21:47,N,B_DAVIS_3,       66.81
04/17/2022 22:21:47,N,B_DAVIS_4,       66.81
04/17/2022 22:21:47,N,B_DAVIS_CC1,       66.81
04/17/2022 22:21:47,N,B_D_B_DAVIG1,       66.81
04/17/2022 22:21:47,N,B_D_B_DAVIG2,       66.81
04/17/2022 22:21:47,N,CABEZON_ALL,       67.02
04/17/2022 22:21:47,N,CALAVER_JKS1,       67.16
04/17/2022 22:21:47,N,CALAVER_JKS2,       67.16
04/17/2022 22:21:47,N,CALAVER_JTD1,       67.09
04/17/2022 22:21:47,N,CALAVER_JTD2,       67.09
04/17/2022 22:21:47,N,CALAVER_OWS1,       67.09
04/17/2022 22:21:47,N,CALAVER_OWS2,       67.08
04/17/2022 22:21:47,N,CALHOUN_ALL,       66.49
04/17/2022 22:21:47,N,CALLAHA_WND1,       63.12
04/17/2022 22:21:47,N,CAL_CALGT1,       65.65
04/17/2022 22:21:47,N,CAL_CALSTG1,       65.65
04/17/2022 22:21:47,N,CAL_CC1,       65.65
04/17/2022 22:21:47,N,CAL_PUN1,       65.65
04/17/2022 22:21:47,N,CAL_PUN2,       65.65
04/17/2022 22:21:47,N,CAMWIND_RN,       66.95
04/17/2022 22:21:47,N,CAPRIDG4_CR4,       66.85
04/17/2022 22:21:47,N,CAPRIDGE_ALL,       66.85
04/17/2022 22:21:47,N,CARBN_BSP_1,      -95.19
04/17/2022 22:21:47,N,CASL_GAP_UN1,       87.27
04/17/2022 22:21:47,N,CBECII_1,       65.86
04/17/2022 22:21:47,N,CBECII_2,       65.86
04/17/2022 22:21:47,N,CBECII_89,       65.86
04/17/2022 22:21:47,N,CBECII_CC3,       65.86
04/17/2022 22:21:47,N,CBECII_CT7,       65.86
04/17/2022 22:21:47,N,CBEC_ALL,       66.09
04/17/2022 22:21:47,N,CBEC_CC1,       66.09
04/17/2022 22:21:47,N,CBEC_CC2,       66.09
04/17/2022 22:21:47,N,CBY4_ALL,       65.63
04/17/2022 22:21:47,N,CBY4_CC1,       65.63
04/17/2022 22:21:47,N,CBY_CBY_G1,       65.63
04/17/2022 22:21:47,N,CBY_CBY_G2,       65.63
04/17/2022 22:21:47,N,CCEC_CC1,       66.81
04/17/2022 22:21:47,N,CCEC_GT1,       66.81
04/17/2022 22:21:47,N,CCEC_GT2,       66.81
04/17/2022 22:21:47,N,CCEC_PUN1,       66.81
04/17/2022 22:21:47,N,CCEC_PUN2,       66.81
04/17/2022 22:21:47,N,CCEC_ST1,       66.81
04/17/2022 22:21:47,N,CEDROHI_CHW1,       67.07
04/17/2022 22:21:47,N,CFLATS_UNIT,       67.21
04/17/2022 22:21:47,N,CHALUP_ALL,       66.95
04/17/2022 22:21:47,N,CHAMON_UN1,       65.62
04/17/2022 22:21:47,N,CHAMON_UN2,       65.62
04/17/2022 22:21:47,N,CHEDPW_GT2,       65.60
04/17/2022 22:21:47,N,CHE_CC1,       65.60
04/17/2022 22:21:47,N,CHE_LYD,       65.61
04/17/2022 22:21:47,N,CHE_LYD2,       65.61
04/17/2022 22:21:47,N,CHE_PUN1,       65.61
04/17/2022 22:21:47,N,CHE_PUN2,       65.61
04/17/2022 22:21:47,N,CHISMGRD_RN,       64.34
04/17/2022 22:21:47,N,CITYVICT_ALL,       66.69
04/17/2022 22:21:47,N,CN_BRKS_UNT1,       62.76
04/17/2022 22:21:47,N,COL_COLETOG1,       66.82
04/17/2022 22:21:47,N,CONIGLIO_RN,       64.43
04/17/2022 22:21:47,N,CORAZON_RN,       67.06
04/17/2022 22:21:47,N,COTPLNS_RN,       62.49
04/17/2022 22:21:47,N,COTTON_PAP2,       66.78
04/17/2022 22:21:47,N,CPSES_UNIT1,       64.53
04/17/2022 22:21:47,N,CPSES_UNIT2,       64.53
04/17/2022 22:21:47,N,CRANELL_ALL,       66.84
04/17/2022 22:21:47,N,CROSSETT_ALL,       87.31
04/17/2022 22:21:47,N,CSC_CSECG1_2,       46.84
04/17/2022 22:21:47,N,CVC_CC1,       65.60
04/17/2022 22:21:47,N,CVC_CVCG1_5,       65.60
04/17/2022 22:21:47,N,CVC_CVC_G2,       65.60
04/17/2022 22:21:47,N,CVC_CVC_G3,       65.60
04/17/2022 22:21:47,N,DANSBY_ALL,       65.38
04/17/2022 22:21:47,N,DC2SES_ALL,       64.49
04/17/2022 22:21:47,N,DC_E,       64.45
04/17/2022 22:21:47,N,DC_L,       67.13
04/17/2022 22:21:47,N,DC_N,       63.36
04/17/2022 22:21:47,N,DC_R,       66.98
04/17/2022 22:21:47,N,DC_S,       71.32
04/17/2022 22:21:47,N,DDPEC_CC1,       65.66
04/17/2022 22:21:47,N,DDPEC_GT1,       65.66
04/17/2022 22:21:47,N,DDPEC_GT2,       65.66
04/17/2022 22:21:47,N,DDPEC_GT3,       65.66
04/17/2022 22:21:47,N,DDPEC_GT4,       65.66
04/17/2022 22:21:47,N,DDPEC_GT6,       65.66
04/17/2022 22:21:47,N,DDPEC_ST1,       65.66
04/17/2022 22:21:47,N,DECKER_DPG1,       66.32
04/17/2022 22:21:47,N,DECKER_DPG2,       66.32
04/17/2022 22:21:47,N,DECKER_GT,       66.28
04/17/2022 22:21:47,N,DENISON_G1_2,       64.41
04/17/2022 22:21:47,N,DERMOTT_ALL,       60.75
04/17/2022 22:21:47,N,DIB_CC1,       65.65
04/17/2022 22:21:47,N,DIB_DIB_G1,       65.65
04/17/2022 22:21:47,N,DIB_DIB_G2,       65.65
04/17/2022 22:21:47,N,DIB_DIB_G3,       65.65
04/17/2022 22:21:47,N,DIB_DIB_G4,       65.65
04/17/2022 22:21:47,N,DIB_PUN1,       65.65
04/17/2022 22:21:47,N,DIB_PUN2,       65.65
04/17/2022 22:21:47,N,DOWGEN_PUN1,       65.85
04/17/2022 22:21:47,N,DOWGEN_PUN2,       65.85
04/17/2022 22:21:47,N,DOWGEN_PUN3,       65.85
04/17/2022 22:21:47,N,DOW_61_2_63,       65.85
04/17/2022 22:21:47,N,DOW_64,       65.85
04/17/2022 22:21:47,N,DOW_81_2_84,       65.85
04/17/2022 22:21:47,N,DOW_G37_G35,       65.85
04/17/2022 22:21:47,N,DOW_G66_ST65,       65.85
04/17/2022 22:21:47,N,DOW_G67,       65.85
04/17/2022 22:21:47,N,DOW_G96_ST95,       65.85
04/17/2022 22:21:47,N,DUKE_CC1,       66.95
04/17/2022 22:21:47,N,DUKE_GST1CCU,       66.95
04/17/2022 22:21:47,N,DUKE_GT2_CCU,       66.95
04/17/2022 22:21:47,N,DUP_PUN1,       66.66
04/17/2022 22:21:47,N,DUP_PUN2,       66.66
04/17/2022 22:21:47,N,DUP_PUN3,       66.66
04/17/2022 22:21:47,N,DUP_PUN4,       66.66
04/17/2022 22:21:47,N,ECLIPSE_UN1,       71.83
04/17/2022 22:21:47,N,ELB_ELBCREEK,       77.19
04/17/2022 22:21:47,N,ELECTRAW_1_2,       63.36
04/17/2022 22:21:47,N,ELS_RN_1,       64.58
04/17/2022 22:21:47,N,EL_RAYO_ALL,       66.95
04/17/2022 22:21:47,N,ENAS_ENA1,       29.75
04/17/2022 22:21:47,N,ERSL_RN,       67.91
04/17/2022 22:21:47,N,ETCCS_CC1,       64.59
04/17/2022 22:21:47,N,ETCCS_CCU,       64.59
04/17/2022 22:21:47,N,EUNICE_ALL,      108.65
04/17/2022 22:21:47,N,EXGNSND_RN,       67.12
04/17/2022 22:21:47,N,EXGNWTL_1,       67.07
04/17/2022 22:21:47,N,EXN_14,       65.63
04/17/2022 22:21:47,N,EXN_1_3,       65.63
04/17/2022 22:21:47,N,EXN_4,       65.63
04/17/2022 22:21:47,N,EXN_8,       65.63
04/17/2022 22:21:47,N,EXN_9_13,       65.63
04/17/2022 22:21:47,N,EXN_PUN1,       65.63
04/17/2022 22:21:47,N,EXN_PUN2,       65.63
04/17/2022 22:21:47,N,EXN_PUN3,       65.63
04/17/2022 22:21:47,N,E_BLACK_RN,       66.19
04/17/2022 22:21:47,N,FAL_FALCONG1,       67.05
04/17/2022 22:21:47,N,FAL_FALCONG2,       67.05
04/17/2022 22:21:47,N,FAL_FALCONG3,       67.05
04/17/2022 22:21:47,N,FAULKNER_RN,       93.99
04/17/2022 22:21:47,N,FEGC_RN,       65.75
04/17/2022 22:21:47,N,FERGCC_CC1,       66.82
04/17/2022 22:21:47,N,FERGCC_GT1_1,       66.82
04/17/2022 22:21:47,N,FERGCC_GT2_3,       66.82
04/17/2022 22:21:47,N,FERGCC_ST1_5,       66.82
04/17/2022 22:21:47,N,FERMI_ALL,       75.79
04/17/2022 22:21:47,N,FLCNS_CC1,       86.90
04/17/2022 22:21:47,N,FLCNS_UNIT1,       86.90
04/17/2022 22:21:47,N,FLCNS_UNIT2,       86.90
04/17/2022 22:21:47,N,FLCNS_UNIT3,       86.90
04/17/2022 22:21:47,N,FLOWERII_RN,       92.86
04/17/2022 22:21:47,N,FLTBES1,       92.86
04/17/2022 22:21:47,N,FLTCK_SSI,       63.78
04/17/2022 22:21:47,N,FLUVANNA_1_2,       56.61
04/17/2022 22:21:47,N,FLVABES1_ESR,       92.86
04/17/2022 22:21:47,N,FOARDCTY_ALL,       62.92
04/17/2022 22:21:47,N,FORMOSA_CC1,       66.47
04/17/2022 22:21:47,N,FORMOSA_CC2,       66.47
04/17/2022 22:21:47,N,FORMOSA_PUN1,       66.47
04/17/2022 22:21:47,N,FORMOSA_PUN2,       66.47
04/17/2022 22:21:47,N,FOXTROT_ALL,       66.95
04/17/2022 22:21:47,N,FO_FORMOSA11,       66.47
04/17/2022 22:21:47,N,FO_FORMOSA12,       66.47
04/17/2022 22:21:47,N,FO_FORMOSG1,       66.47
04/17/2022 22:21:47,N,FO_FORMOSG10,       66.47
04/17/2022 22:21:47,N,FO_FORMOSG13,       66.47
04/17/2022 22:21:47,N,FO_FORMOSG14,       66.47
04/17/2022 22:21:47,N,FO_FORMOSG15,       66.47
04/17/2022 22:21:47,N,FO_FORMOSG2,       66.47
04/17/2022 22:21:47,N,FO_FORMOSG3,       66.47
04/17/2022 22:21:47,N,FO_FORMOSG4,       66.47
04/17/2022 22:21:47,N,FO_FORMOSG5,       66.47
04/17/2022 22:21:47,N,FO_FORMOSG6,       66.47
04/17/2022 22:21:47,N,FO_FORMOSG7,       66.47
04/17/2022 22:21:47,N,FO_FORMOSG8,       66.47
04/17/2022 22:21:47,N,FO_FORMOSG9,       66.47
04/17/2022 22:21:47,N,FPPYD_FPP_G1,       66.25
04/17/2022 22:21:47,N,FPPYD_FPP_G2,       66.25
04/17/2022 22:21:47,N,FPPYD_FPP_G3,       66.25
04/17/2022 22:21:47,N,FREC_1_CCU,       64.56
04/17/2022 22:21:47,N,FREC_2_CCU,       64.55
04/17/2022 22:21:47,N,FREC_CC1,       64.56
04/17/2022 22:21:47,N,FREC_CC2,       64.55
04/17/2022 22:21:47,N,FRNYPP_1_CCU,       64.51
04/17/2022 22:21:47,N,FRNYPP_2_CCU,       64.51
04/17/2022 22:21:47,N,FRNYPP_CC1,       64.51
04/17/2022 22:21:47,N,FRNYPP_CC2,       64.51
04/17/2022 22:21:47,N,FTR_CC1,       65.41
04/17/2022 22:21:47,N,FTR_FTR_G1_4,       65.41
04/17/2022 22:21:47,N,FTWIND_UNIT1,       65.26
04/17/2022 22:21:47,N,FWLR_SLR_1,       87.27
04/17/2022 22:21:47,N,GALO_RN1,       66.52
04/17/2022 22:21:47,N,GAMBIT_RN,       65.86
04/17/2022 22:21:47,N,GBY_GT,       65.63
04/17/2022 22:21:47,N,GID_GIDEONG1,       66.28
04/17/2022 22:21:47,N,GID_GIDEONG2,       66.28
04/17/2022 22:21:47,N,GID_GIDEONG3,       66.28
04/17/2022 22:21:47,N,GOA_GOATWIND,       66.72
04/17/2022 22:21:47,N,GPASTURE_ALL,       63.69
04/17/2022 22:21:47,N,GRANDVW1_A_B,       62.78
04/17/2022 22:21:47,N,GREASWOD_ALL,       87.41
04/17/2022 22:21:47,N,GRIF_TRL_RN,       62.87
04/17/2022 22:21:47,N,GRSES_UNIT1,       63.05
04/17/2022 22:21:47,N,GRSES_UNIT2,       64.17
04/17/2022 22:21:47,N,GUADG_CC1,       66.84
04/17/2022 22:21:47,N,GUADG_CC2,       66.84
04/17/2022 22:21:47,N,GUADG_CCU1,       66.84
04/17/2022 22:21:47,N,GUADG_CCU2,       66.84
04/17/2022 22:21:47,N,GUNMTN_NODE,      -68.24
04/17/2022 22:21:47,N,GWEC_G1,       65.26
04/17/2022 22:21:47,N,HAYSEN1_2,       66.82
04/17/2022 22:21:47,N,HAYSEN3_4,       66.82
04/17/2022 22:21:47,N,HB_BUSAVG,       66.40
04/17/2022 22:21:47,N,HB_HOUSTON,       65.64
04/17/2022 22:21:47,N,HB_HUBAVG,       67.81
04/17/2022 22:21:47,N,HB_NORTH,       64.62
04/17/2022 22:21:47,N,HB_PAN,       62.70
04/17/2022 22:21:47,N,HB_SOUTH,       66.73
04/17/2022 22:21:47,N,HB_WEST,       74.26
04/17/2022 22:21:47,N,HELIOS_RN,       68.71
04/17/2022 22:21:47,N,HHGT_KENDAL,       68.08
04/17/2022 22:21:47,N,HHOLLW2_WND1,       64.68
04/17/2022 22:21:47,N,HHOLLW3_WND1,       64.68
04/17/2022 22:21:47,N,HHOLLW4_WND1,       64.68
04/17/2022 22:21:47,N,HICK_G1_G2,       79.73
04/17/2022 22:21:47,N,HI_LONEB_RN1,       84.24
04/17/2022 22:21:47,N,HI_LONE_ALL,       84.24
04/17/2022 22:21:47,N,HLSES_UNIT3,       64.47
04/17/2022 22:21:47,N,HLSES_UNIT4,       64.47
04/17/2022 22:21:47,N,HLSES_UNIT5,       64.47
04/17/2022 22:21:47,N,HOLSTEIN_ALL,       64.99
04/17/2022 22:21:47,N,HORSCR_RN,       87.42
04/17/2022 22:21:47,N,HORSECRK_RN,       62.83
04/17/2022 22:21:47,N,HOVEY_GEN,       91.04
04/17/2022 22:21:47,N,HRBESS_BESS,       91.03
04/17/2022 22:21:47,N,HRFDWIND_ALL,       62.75
04/17/2022 22:21:47,N,HWF_HWFG1,       64.35
04/17/2022 22:21:47,N,H_HOLLO_WND1,       64.68
04/17/2022 22:21:47,N,IMP_RN1,       64.43
04/17/2022 22:21:47,N,INDNENR_1_RN,       85.97
04/17/2022 22:21:47,N,INDNENR_2_RN,       86.68
04/17/2022 22:21:47,N,INDNNWP_RN,       86.39
04/17/2022 22:21:47,N,INDN_INDNNWP,       86.39
04/17/2022 22:21:47,N,IND_INADALE1,       63.88
04/17/2022 22:21:47,N,INGLCOSW_CC1,       66.76
04/17/2022 22:21:47,N,INGLCOSW_STG,       66.76
04/17/2022 22:21:47,N,INGLCOS_CTG1,       66.76
04/17/2022 22:21:47,N,INGLCOS_CTG2,       66.76
04/17/2022 22:21:47,N,INGLCO_PUN1,       66.76
04/17/2022 22:21:47,N,INGLCO_PUN2,       66.76
04/17/2022 22:21:47,N,INGLCO_PUN3,       66.76
04/17/2022 22:21:47,N,INKS_INKS_G1,       66.47
04/17/2022 22:21:47,N,IN_INDNENR,       85.97
04/17/2022 22:21:47,N,IN_INDNENR_2,       85.97
04/17/2022 22:21:47,N,JACKCNTY_CC1,       64.29
04/17/2022 22:21:47,N,JACKCNTY_CT1,       64.29
04/17/2022 22:21:47,N,JACKCNTY_CT2,       64.29
04/17/2022 22:21:47,N,JACKCNTY_STG,       64.29
04/17/2022 22:21:47,N,JAY_RN_1,       65.79
04/17/2022 22:21:47,N,JCKCNTY2_CC1,       64.18
04/17/2022 22:21:47,N,JCKCNTY2_CT3,       64.18
04/17/2022 22:21:47,N,JCKCNTY2_CT4,       64.18
04/17/2022 22:21:47,N,JCKCNTY2_ST2,       64.18
04/17/2022 22:21:47,N,JC_BAT_RN,       66.69
04/17/2022 22:21:47,N,JUNO_ALL,       63.60
04/17/2022 22:21:47,N,KARAKAW1_1,       66.87
04/17/2022 22:21:47,N,KARAKAW2_1,       66.87
04/17/2022 22:21:47,N,KEECHI_U1,       64.29
04/17/2022 22:21:47,N,KELAMSL_U1,       64.59
04/17/2022 22:21:47,N,KEO_KEO_SM1,       87.42
04/17/2022 22:21:47,N,KINGE_ALL,       87.37
04/17/2022 22:21:47,N,KINGW_ALL,       87.28
04/17/2022 22:21:47,N,KING_KINGNE,       87.37
04/17/2022 22:21:47,N,KING_KINGNW,       87.28
04/17/2022 22:21:47,N,KING_KINGSE,       87.37
04/17/2022 22:21:47,N,KING_KINGSW,       87.28
04/17/2022 22:21:47,N,KMCHI_CC1,       64.41
04/17/2022 22:21:47,N,KMCHI_CC2,       64.41
04/17/2022 22:21:47,N,LAMESASLR_G,        6.85
04/17/2022 22:21:47,N,LAPETUS_U1,       98.03
04/17/2022 22:21:47,N,LARDVFTN_G4,       67.13
04/17/2022 22:21:47,N,LARDVFTN_G5,       67.13
04/17/2022 22:21:47,N,LASSO_GEN,       90.89
04/17/2022 22:21:47,N,LEG_LEG_G1,       65.14
04/17/2022 22:21:47,N,LEG_LEG_G2,       65.14
04/17/2022 22:21:47,N,LEONLCPCT1_2,       67.16
04/17/2022 22:21:47,N,LEONLCPCT3_4,       67.16
04/17/2022 22:21:47,N,LGDRAW_S_ALL,       63.60
04/17/2022 22:21:47,N,LGD_LANGFORD,       78.67
04/17/2022 22:21:47,N,LGE_CC1,       66.76
04/17/2022 22:21:47,N,LGE_LGE_GT1,       66.76
04/17/2022 22:21:47,N,LGE_LGE_GT2,       66.76
04/17/2022 22:21:47,N,LGE_LGE_STG,       66.76
04/17/2022 22:21:47,N,LGE_PUN1,       66.76
04/17/2022 22:21:47,N,LGE_PUN2,       66.76
04/17/2022 22:21:47,N,LGW_UNIT_ALL,       65.08
04/17/2022 22:21:47,N,LHM_CVC_G4,       65.62
04/17/2022 22:21:47,N,LHM_PUN1,       65.62
04/17/2022 22:21:47,N,LHM_PUN2,       65.62
04/17/2022 22:21:47,N,LHORN_N_U1_2,       62.72
04/17/2022 22:21:47,N,LHSES_UNIT1,       64.49
04/17/2022 22:21:47,N,LHSES_UNIT2,       64.49
04/17/2022 22:21:47,N,LILY_RN,       64.60
04/17/2022 22:21:47,N,LMAJADAS_ALL,       66.95
04/17/2022 22:21:47,N,LNCRK_ALL,       64.43
04/17/2022 22:21:47,N,LONEWOLF_ALL,       65.73
04/17/2022 22:21:47,N,LOSTPI_CC1,       66.26
04/17/2022 22:21:47,N,LOS_LOSTPGT1,       66.26
04/17/2022 22:21:47,N,LOS_LOSTPGT2,       66.26
04/17/2022 22:21:47,N,LOS_LOSTPST1,       66.26
04/17/2022 22:21:47,N,LPCCS_CC1,       64.42
04/17/2022 22:21:47,N,LPCCS_CC2,       64.42
04/17/2022 22:21:47,N,LPCCS_CT11,       64.42
04/17/2022 22:21:47,N,LPCCS_CT12,       64.42
04/17/2022 22:21:47,N,LPCCS_CT21,       64.42
04/17/2022 22:21:47,N,LPCCS_CT22,       64.42
04/17/2022 22:21:47,N,LPCCS_UNIT1,       64.42
04/17/2022 22:21:47,N,LPCCS_UNIT2,       64.42
04/17/2022 22:21:47,N,LV1A_LV1B,       66.95
04/17/2022 22:21:47,N,LV3_UNIT1,       67.02
04/17/2022 22:21:47,N,LV4_UNIT_1,       67.02
04/17/2022 22:21:47,N,LV5_UNIT1,       67.00
04/17/2022 22:21:47,N,LZ_AEN,       66.34
04/17/2022 22:21:47,N,LZ_CPS,       67.11
04/17/2022 22:21:47,N,LZ_HOUSTON,       65.68
04/17/2022 22:21:47,N,LZ_LCRA,       66.58
04/17/2022 22:21:47,N,LZ_NORTH,       64.59
04/17/2022 22:21:47,N,LZ_RAYBN,       64.48
04/17/2022 22:21:47,N,LZ_SOUTH,       66.91
04/17/2022 22:21:47,N,LZ_WEST,       88.33
04/17/2022 22:21:47,N,MADERO_RN,       66.98
04/17/2022 22:21:47,N,MARBFA,       66.68
04/17/2022 22:21:47,N,MARIAH_ALL,       62.75
04/17/2022 22:21:47,N,MAR_MARSFOG1,       66.38
04/17/2022 22:21:47,N,MAR_MARSFOG2,       66.38
04/17/2022 22:21:47,N,MAR_MARSFOG3,       66.38
04/17/2022 22:21:47,N,MASSENGL_CC1,       62.93
04/17/2022 22:21:47,N,MASSENGL_G6,       62.94
04/17/2022 22:21:47,N,MASSENGL_G7,       62.94
04/17/2022 22:21:47,N,MASSENGL_G8,       62.93
04/17/2022 22:21:47,N,MAVCRK_W_ALL,       66.52
04/17/2022 22:21:47,N,MCDLD_FCSBW1,         .01
04/17/2022 22:21:47,N,MCSES_UNIT6,       64.52
04/17/2022 22:21:47,N,MCSES_UNIT7,       64.52
04/17/2022 22:21:47,N,MCSES_UNIT8,       64.52
04/17/2022 22:21:47,N,MDANP_CT1_2,       64.61
04/17/2022 22:21:47,N,MDANP_CT3_4,       64.60
04/17/2022 22:21:47,N,MDANP_CT5_6,       64.61
04/17/2022 22:21:47,N,MESQCRK_ALL,       63.60
04/17/2022 22:21:47,N,MESTENO_RN,       67.02
04/17/2022 22:21:47,N,MGSES_CT123,       40.59
04/17/2022 22:21:47,N,MGSES_CT456,       40.59
04/17/2022 22:21:47,N,MIAM1_G1_G2,       62.82
04/17/2022 22:21:47,N,MIL_MILG1_2,       64.35
04/17/2022 22:21:47,N,MIL_MILG345,       64.35
04/17/2022 22:21:47,N,MIRAGE_G1,       65.67
04/17/2022 22:21:47,N,MIRASOLE_GEN,       66.99
04/17/2022 22:21:47,N,MISAE_GEN_RN,       62.93
04/17/2022 22:21:47,N,MLSES_UNIT1,       64.56
04/17/2022 22:21:47,N,MLSES_UNIT2,       64.56
04/17/2022 22:21:47,N,MLSES_UNIT3,       64.56
04/17/2022 22:21:47,N,MOZART_WIND1,       52.72
04/17/2022 22:21:47,N,MWEC_G1,       52.15
04/17/2022 22:21:47,N,NACPW_UNIT1,       64.59
04/17/2022 22:21:47,N,NBOHR_RN,       48.72
04/17/2022 22:21:47,N,NCARBIDEG8,       66.61
04/17/2022 22:21:47,N,NCARBIDE_1_7,       66.61
04/17/2022 22:21:47,N,NCARBID_PUN1,       66.61
04/17/2022 22:21:47,N,NCARBID_PUN2,       66.61
04/17/2022 22:21:47,N,NCO_RN,       65.86
04/17/2022 22:21:47,N,NEBULA_RN,       66.95
04/17/2022 22:21:47,N,NEDIN_CC1,       66.95
04/17/2022 22:21:47,N,NED_NEDIN_G1,       66.95
04/17/2022 22:21:47,N,NED_NEDIN_G2,       66.95
04/17/2022 22:21:47,N,NED_NEDIN_G3,       66.95
04/17/2022 22:21:47,N,NF_BRP_RN,       66.47
04/17/2022 22:21:47,N,NOBLESLR_ALL,       64.22
04/17/2022 22:21:47,N,NUECES_B_CC1,       66.81
04/17/2022 22:21:47,N,NUE_NUECESG7,       66.81
04/17/2022 22:21:47,N,NUE_NUECESG8,       66.81
04/17/2022 22:21:47,N,NUE_NUECESG9,       66.81
04/17/2022 22:21:47,N,NWF_NWF1,      102.59
04/17/2022 22:21:47,N,OBERON_U1,       98.73
04/17/2022 22:21:47,N,ODESW_RN,      100.58
04/17/2022 22:21:47,N,OECCS_1,       92.22
04/17/2022 22:21:47,N,OECCS_2,       92.22
04/17/2022 22:21:47,N,OECCS_CC1,       92.22
04/17/2022 22:21:47,N,OECCS_CC2,       92.22
04/17/2022 22:21:47,N,OGSES_1,       65.28
04/17/2022 22:21:47,N,OGSES_2,       65.28
04/17/2022 22:21:47,N,OKLA_OKLA_G1,       63.36
04/17/2022 22:21:47,N,OLIN_OLING_1,       64.47
04/17/2022 22:21:47,N,OLIN_OLING_2,       64.47
04/17/2022 22:21:47,N,OLIN_OLING_3,       64.47
04/17/2022 22:21:47,N,OLIN_OLING_4,       64.47
04/17/2022 22:21:47,N,OWF_OWF,       28.96
04/17/2022 22:21:47,N,OXY_OXY_CCG1,       66.82
04/17/2022 22:21:47,N,OXY_PUN1,       66.82
04/17/2022 22:21:47,N,OXY_PUN2,       66.82
04/17/2022 22:21:47,N,PALMWI_UNIT1,       66.95
04/17/2022 22:21:47,N,PANDA_S_CC1,       64.40
04/17/2022 22:21:47,N,PANDA_S_CT1,       64.40
04/17/2022 22:21:47,N,PANDA_S_CT2,       64.40
04/17/2022 22:21:47,N,PANDA_S_ST1,       64.40
04/17/2022 22:21:47,N,PANDA_T1_CC1,       65.59
04/17/2022 22:21:47,N,PANDA_T1_CT1,       65.59
04/17/2022 22:21:47,N,PANDA_T1_CT2,       65.59
04/17/2022 22:21:47,N,PANDA_T1_ST1,       65.59
04/17/2022 22:21:47,N,PANDA_T2_CC1,       65.59
04/17/2022 22:21:47,N,PANDA_T2_CT1,       65.59
04/17/2022 22:21:47,N,PANDA_T2_CT2,       65.59
04/17/2022 22:21:47,N,PANDA_T2_ST1,       65.59
04/17/2022 22:21:47,N,PAP1_PAP1,       66.78
04/17/2022 22:21:47,N,PB2SES_CT1,       96.07
04/17/2022 22:21:47,N,PB2SES_CT2,       96.07
04/17/2022 22:21:47,N,PB2SES_CT3,       96.07
04/17/2022 22:21:47,N,PB2SES_CT4,       96.07
04/17/2022 22:21:47,N,PB2SES_CT5,       96.07
04/17/2022 22:21:47,N,PC_NORTH_1,       77.19
04/17/2022 22:21:47,N,PC_SOUTH_ALL,       77.19
04/17/2022 22:21:47,N,PEARSA_1_24,       67.75
04/17/2022 22:21:47,N,PENA_ALL,       66.82
04/17/2022 22:21:47,N,PES1_RN,       65.69
04/17/2022 22:21:47,N,PEY_RN,       65.96
04/17/2022 22:21:47,N,PH1_UNIT1_2,       62.80
04/17/2022 22:21:47,N,PH2_U1_U2,       62.80
04/17/2022 22:21:47,N,PHILLWND_ALL,       65.08
04/17/2022 22:21:47,N,PHOEBE_ALL,       98.40
04/17/2022 22:21:47,N,PHOENIX_RN,       64.42
04/17/2022 22:21:47,N,PLN_ALL,       65.94
04/17/2022 22:21:47,N,PNPI_GT2_RN,       65.74
04/17/2022 22:21:47,N,PRID_RN,       65.81
04/17/2022 22:21:47,N,PROSPERO_ALL,      106.81
04/17/2022 22:21:47,N,PRO_RN,       65.75
04/17/2022 22:21:47,N,PRSPERO2_ALL,      106.81
04/17/2022 22:21:47,N,PR_PR_ALL,       65.63
04/17/2022 22:21:47,N,PR_PR_G2,       65.63
04/17/2022 22:21:47,N,PSA_CC1,       65.62
04/17/2022 22:21:47,N,PSA_PSA_G1,       65.62
04/17/2022 22:21:47,N,PSA_PSA_G2,       65.62
04/17/2022 22:21:47,N,PSA_PSA_G3,       65.62
04/17/2022 22:21:47,N,PSA_PSA_G4,       65.62
04/17/2022 22:21:47,N,PSA_PSA_G5,       65.62
04/17/2022 22:21:47,N,PSA_PSA_G6,       65.62
04/17/2022 22:21:47,N,PSA_PSA_G7,       65.62
04/17/2022 22:21:47,N,PSA_PUN1,       65.62
04/17/2022 22:21:47,N,PSA_PUN2,       65.62
04/17/2022 22:21:47,N,PSA_PUN3,       65.62
04/17/2022 22:21:47,N,PSA_PUN4,       65.62
04/17/2022 22:21:47,N,PSA_PUN5,       65.62
04/17/2022 22:21:47,N,PSG_CC1,       65.65
04/17/2022 22:21:47,N,PSG_PSG_GT2,       65.65
04/17/2022 22:21:47,N,PSG_PSG_GT3,       65.65
04/17/2022 22:21:47,N,PSG_PSG_ST1,       65.65
04/17/2022 22:21:47,N,PTLBES_BESS1,       66.58
04/17/2022 22:21:47,N,PYR_PYRON1,       63.88
04/17/2022 22:21:47,N,QALSW_ALL,       91.94
04/17/2022 22:21:47,N,QALSW_CC1,       91.94
04/17/2022 22:21:47,N,QALSW_CC2,       91.94
04/17/2022 22:21:47,N,QUEEN_BA_RN,       88.81
04/17/2022 22:21:47,N,QUEEN_SL_RN,       88.81
04/17/2022 22:21:47,N,RAB_G1-8,       65.74
04/17/2022 22:21:47,N,RADN_SLR_ALL,       65.81
04/17/2022 22:21:47,N,RAMBLER_UNIT,       67.59
04/17/2022 22:21:47,N,RANCHERO_ALL,       81.97
04/17/2022 22:21:47,N,RAT_RN_1,       67.22
04/17/2022 22:21:47,N,RAYBURN_CC1,       66.69
04/17/2022 22:21:47,N,RAYBURN_G1_2,       66.69
04/17/2022 22:21:47,N,RAYB_G78910,       66.69
04/17/2022 22:21:47,N,RDCAN_RDCNY1,       46.13
04/17/2022 22:21:47,N,REDBARN_RN,       87.24
04/17/2022 22:21:47,N,REDFISH_ALL,       66.94
04/17/2022 22:21:47,N,REDGATE_ALL,       66.95
04/17/2022 22:21:47,N,REDGATE_RN,       66.95
04/17/2022 22:21:47,N,RELOJ_ALL,       67.02
04/17/2022 22:21:47,N,REROCK_ALL,       91.04
04/17/2022 22:21:47,N,RHESS2_ESS1,       66.22
04/17/2022 22:21:47,N,RHESS_1,       66.22
04/17/2022 22:21:47,N,RIGGIN_UNIT1,       90.77
04/17/2022 22:21:47,N,RIONOG_CC1,       66.78
04/17/2022 22:21:47,N,RIONOG_CT1,       66.78
04/17/2022 22:21:47,N,RIONOG_CT2,       66.78
04/17/2022 22:21:47,N,RIONOG_CT3,       66.78
04/17/2022 22:21:47,N,RIONOG_ST1,       66.78
04/17/2022 22:21:47,N,RIPPEY_ALL,       64.34
04/17/2022 22:21:47,N,RN_APOGEE,       63.94
04/17/2022 22:21:47,N,RN_BYU_G8,       65.67
04/17/2022 22:21:47,N,RN_DEC_AGR_A,       64.33
04/17/2022 22:21:47,N,RN_DEC_AGR_B,       64.33
04/17/2022 22:21:47,N,RN_DEC_AGR_C,       64.33
04/17/2022 22:21:47,N,RN_DEC_AGR_D,       64.33
04/17/2022 22:21:47,N,RN_ECEC_HOLT,       99.62
04/17/2022 22:21:47,N,RN_OCI_ALAMO,       67.15
04/17/2022 22:21:47,N,RN_RTS1,       66.18
04/17/2022 22:21:47,N,RN_SR_WIND1,       66.95
04/17/2022 22:21:47,N,RN_TOSBATT,       39.38
04/17/2022 22:21:47,N,ROSELAND_ALL,       65.12
04/17/2022 22:21:47,N,ROUTE66_RN,       62.78
04/17/2022 22:21:47,N,RPUBRDS_RN,       65.41
04/17/2022 22:21:47,N,RSK_RN,       48.72
04/17/2022 22:21:47,N,SADLBACK_RN,       93.66
04/17/2022 22:21:47,N,SALVTION_GEN,       62.83
04/17/2022 22:21:47,N,SAMSON_ALL,       64.45
04/17/2022 22:21:47,N,SANDHSYD1_2,       66.33
04/17/2022 22:21:47,N,SANDHSYD3_4,       66.33
04/17/2022 22:21:47,N,SANDHSYD6_7,       66.33
04/17/2022 22:21:47,N,SANDHSYD_5AC,       66.33
04/17/2022 22:21:47,N,SANDHSYD_CC1,       66.33
04/17/2022 22:21:47,N,SANTACRU_ALL,       66.82
04/17/2022 22:21:47,N,SAN_SANMIGG1,       67.00
04/17/2022 22:21:47,N,SBE_RN_1,       65.82
04/17/2022 22:21:47,N,SC2SES_UNIT1,       64.59
04/17/2022 22:21:47,N,SCES_UNIT1,       65.12
04/17/2022 22:21:47,N,SCLP_PUN1,       65.86
04/17/2022 22:21:47,N,SCLP_PUN2,       65.86
04/17/2022 22:21:47,N,SCLP_PUN3,       65.86
04/17/2022 22:21:47,N,SCLP_PUN4,       65.86
04/17/2022 22:21:47,N,SCLP_SCLPC_1,       65.86
04/17/2022 22:21:47,N,SCLP_SCLPC_2,       65.86
04/17/2022 22:21:47,N,SCLP_SCLPC_3,       65.86
04/17/2022 22:21:47,N,SCLP_SCLPC_4,       65.86
04/17/2022 22:21:47,N,SCSES_UNIT2,       64.59
04/17/2022 22:21:47,N,SDSES_PUN1,       65.92
04/17/2022 22:21:47,N,SDSES_PUN2,       65.92
04/17/2022 22:21:47,N,SDSES_PUN3,       65.92
04/17/2022 22:21:47,N,SDSES_PUN4,       65.92
04/17/2022 22:21:47,N,SENATEWD_1,       64.19
04/17/2022 22:21:47,N,SGM_SIGNALMT,     -106.22
04/17/2022 22:21:47,N,SGSA_DGR,       91.04
04/17/2022 22:21:47,N,SHAFFER_ALL,       66.82
04/17/2022 22:21:47,N,SHANNONW_RN,       63.92
04/17/2022 22:21:47,N,SILASRAY_CC1,       66.95
04/17/2022 22:21:47,N,SIL_SILAS_10,       66.95
04/17/2022 22:21:47,N,SIL_SILAS_6,       66.95
04/17/2022 22:21:47,N,SIL_SILAS_9,       66.95
04/17/2022 22:21:47,N,SIRIUS_UNIT1,       86.79
04/17/2022 22:21:47,N,SJS_SJS_G1,       65.66
04/17/2022 22:21:47,N,SJS_SJS_G2,       65.66
04/17/2022 22:21:47,N,SKY1,       66.23
04/17/2022 22:21:47,N,SLCN_ESS_ALL,       66.25
04/17/2022 22:21:47,N,SLTFRK_UN1_2,       62.82
04/17/2022 22:21:47,N,SL_PUN1,       65.65
04/17/2022 22:21:47,N,SL_PUN2,       65.65
04/17/2022 22:21:47,N,SL_SL_G1,       65.65
04/17/2022 22:21:47,N,SL_SL_G2,       65.65
04/17/2022 22:21:47,N,SL_SL_G3,       65.65
04/17/2022 22:21:47,N,SL_SL_G4,       65.65
04/17/2022 22:21:47,N,SNY_BESS_RN,       32.67
04/17/2022 22:21:47,N,SOLARA_UNIT1,       60.29
04/17/2022 22:21:47,N,SPARTA_ALL,       66.95
04/17/2022 22:21:47,N,SPLAIN1_RN,       62.49
04/17/2022 22:21:47,N,SPLAIN2_RN,       62.49
04/17/2022 22:21:47,N,SPNC_SPNCE_4,       64.34
04/17/2022 22:21:47,N,SPNC_SPNCE_5,       64.34
04/17/2022 22:21:47,N,SPTX12B_RN,       87.27
04/17/2022 22:21:47,N,SRWE1_UNIT1,       63.60
04/17/2022 22:21:47,N,SSPURT_WIND1,       62.76
04/17/2022 22:21:47,N,STEAM_ENG123,       64.47
04/17/2022 22:21:47,N,STEA_STEAM_1,       64.47
04/17/2022 22:21:47,N,STEA_STEAM_2,       64.47
04/17/2022 22:21:47,N,STEA_STEAM_3,       64.47
04/17/2022 22:21:47,N,STELLA_RN,       66.82
04/17/2022 22:21:47,N,STP_STP_G1,       65.99
04/17/2022 22:21:47,N,STP_STP_G2,       65.99
04/17/2022 22:21:47,N,STRATEGC_RN,       64.67
04/17/2022 22:21:47,N,STWF_T1,       51.39
04/17/2022 22:21:47,N,SWEC_G1,      411.63
04/17/2022 22:21:47,N,SWEETWN2_2_4,       65.02
04/17/2022 22:21:47,N,SWEETWN3_3,       65.02
04/17/2022 22:21:47,N,SWEETWND_1,       65.02
04/17/2022 22:21:47,N,SWOOSE1_U1,       95.22
04/17/2022 22:21:47,N,SWOOSEII_RN,       95.22
04/17/2022 22:21:47,N,SWTWN4_WND45,       65.02
04/17/2022 22:21:47,N,SWT_BESS_RN,       45.64
04/17/2022 22:21:47,N,S_HILLS_RN,       63.80
04/17/2022 22:21:47,N,TAHOKA_ALL,       63.41
04/17/2022 22:21:47,N,TAV_RN,       65.80
04/17/2022 22:21:47,N,TAYGETE2_ALL,       92.29
04/17/2022 22:21:47,N,TAYGETE_ALL,       92.29
04/17/2022 22:21:47,N,TC_PUN1,       65.68
04/17/2022 22:21:47,N,TC_PUN2,       65.68
04/17/2022 22:21:47,N,TC_TCHP1,       65.68
04/17/2022 22:21:47,N,TEN_CC1,       64.58
04/17/2022 22:21:47,N,TEN_CT1_STG,       64.58
04/17/2022 22:21:47,N,TGCCS_ALL,       64.56
04/17/2022 22:21:47,N,TGCCS_CC1,       64.56
04/17/2022 22:21:47,N,TGF_TGFGT,       66.02
04/17/2022 22:21:47,N,TGW_T1_T2,       66.82
04/17/2022 22:21:47,N,THW_1_CCU,       65.62
04/17/2022 22:21:47,N,THW_2_CCU,       65.62
04/17/2022 22:21:47,N,THW_CC1,       65.62
04/17/2022 22:21:47,N,THW_CC2,       65.62
04/17/2022 22:21:47,N,THW_THWGT5X,       65.61
04/17/2022 22:21:47,N,THW_THWGT_1,       65.60
04/17/2022 22:21:47,N,TI_SOLAR_ALL,       94.41
04/17/2022 22:21:47,N,TKWSW_CHAMP,       63.88
04/17/2022 22:21:47,N,TKWSW_ROSCOE,       63.88
04/17/2022 22:21:47,N,TNP_TNP_O_1,       65.39
04/17/2022 22:21:47,N,TNP_TNP_O_2,       65.39
04/17/2022 22:21:47,N,TNSKA_CC1,       64.43
04/17/2022 22:21:47,N,TNSKA_CCU,       64.43
04/17/2022 22:21:47,N,TOPAZ_ALL,       65.71
04/17/2022 22:21:47,N,TORR_ALL,       67.06
04/17/2022 22:21:47,N,TOYAH_RN,       91.04
04/17/2022 22:21:47,N,TRENT_TRENT,       51.39
04/17/2022 22:21:47,N,TRINITY_ALL,       63.94
04/17/2022 22:21:47,N,TRIPBUT1_RN,       90.87
04/17/2022 22:21:47,N,TRSES_UNIT6,       64.60
04/17/2022 22:21:47,N,TRUENO_ALL,       66.95
04/17/2022 22:21:47,N,TRUSGILL_RN,       62.85
04/17/2022 22:21:47,N,TTRSW_RN,       64.45
04/17/2022 22:21:47,N,TTWEC_G1,       64.93
04/17/2022 22:21:47,N,TXCTY_CC1,       65.71
04/17/2022 22:21:47,N,TXCTY_CTA,       65.71
04/17/2022 22:21:47,N,TXCTY_CTB,       65.71
04/17/2022 22:21:47,N,TXCTY_CTC,       65.71
04/17/2022 22:21:47,N,TXCTY_ST,       65.71
04/17/2022 22:21:47,N,TYLRWIND_RN,       64.29
04/17/2022 22:21:47,N,T_CK_GT2_RN,       63.01
04/17/2022 22:21:47,N,T_CK_GT3_RN,       63.01
04/17/2022 22:21:47,N,UCC_COG_PUN2,       65.71
04/17/2022 22:21:47,N,UCC_UCC_C_2,       65.71
04/17/2022 22:21:47,N,VANCOURT_RN,       66.95
04/17/2022 22:21:47,N,VENADO_ALL,       67.07
04/17/2022 22:21:47,N,VERAWIND_ALL,       62.85
04/17/2022 22:21:47,N,VERTIGO_UN1,       63.69
04/17/2022 22:21:47,N,VICTORIA_CC1,       66.69
04/17/2022 22:21:47,N,VICTPORT_ALL,       66.66
04/17/2022 22:21:47,N,VICTPORT_RN,       66.66
04/17/2022 22:21:47,N,VIC_VICTORG5,       66.69
04/17/2022 22:21:47,N,VIC_VICTORG6,       66.69
04/17/2022 22:21:47,N,VISION_RN,       64.73
04/17/2022 22:21:47,N,VLSES_UNIT3,       64.41
04/17/2022 22:21:47,N,VORT_ALL_RN,       63.06
04/17/2022 22:21:47,N,WAKEWE_ALL,       62.16
04/17/2022 22:21:47,N,WAP_WAPGT_1,       65.74
04/17/2022 22:21:47,N,WAP_WAP_G1,       65.74
04/17/2022 22:21:47,N,WAP_WAP_G2,       65.74
04/17/2022 22:21:47,N,WAP_WAP_G3,       65.73
04/17/2022 22:21:47,N,WAP_WAP_G4,       65.73
04/17/2022 22:21:47,N,WAP_WAP_G5,       65.74
04/17/2022 22:21:47,N,WAP_WAP_G6,       65.73
04/17/2022 22:21:47,N,WAP_WAP_G7,       65.73
04/17/2022 22:21:47,N,WAP_WAP_G8,       65.74
04/17/2022 22:21:47,N,WAYMARK_RN,       87.24
04/17/2022 22:21:47,N,WCPP_CC1,       64.19
04/17/2022 22:21:47,N,WCPP_CT1,       64.19
04/17/2022 22:21:47,N,WCPP_CT2,       64.19
04/17/2022 22:21:47,N,WCPP_ST1,       64.19
04/17/2022 22:21:47,N,WEBBER_WS_T1,       66.27
04/17/2022 22:21:47,N,WEC_WECG1,       56.46
04/17/2022 22:21:47,N,WES_ALL,       65.85
04/17/2022 22:21:47,N,WFCOGEN_13,       63.69
04/17/2022 22:21:47,N,WFCOGEN_24,       63.69
04/17/2022 22:21:47,N,WFCOGEN_CC1,       63.69
04/17/2022 22:21:47,N,WGU_RN,       65.82
04/17/2022 22:21:47,N,WHCCS2_4,       64.52
04/17/2022 22:21:47,N,WHCCS2_5_6,       64.52
04/17/2022 22:21:47,N,WHCCS2_CC2,       64.52
04/17/2022 22:21:47,N,WHCCS_CC1,       64.52
04/17/2022 22:21:47,N,WHCCS_CT1_ST,       64.52
04/17/2022 22:21:47,N,WHCCS_CT2,       64.52
04/17/2022 22:21:47,N,WHITE_PT_UN1,       66.76
04/17/2022 22:21:47,N,WHMESA_U1,       79.73
04/17/2022 22:21:47,N,WHTTAIL_WR1,       64.27
04/17/2022 22:21:47,N,WH_WIND_ALL,       62.82
04/17/2022 22:21:47,N,WILDWIND_ALL,       64.26
04/17/2022 22:21:47,N,WIPOPA_1_2,       66.27
04/17/2022 22:21:47,N,WIPOPA_3_4,       66.27
04/17/2022 22:21:47,N,WIR_WIRTZ_G1,       66.78
04/17/2022 22:21:47,N,WIR_WIRTZ_G2,       66.78
04/17/2022 22:21:47,N,WL_RANCH_RN,       71.33
04/17/2022 22:21:47,N,WNDTS2_UNIT1,       63.89
04/17/2022 22:21:47,N,WND_WHITNEY,       64.91
04/17/2022 22:21:47,N,WOODWRD1_RN,       87.49
04/17/2022 22:21:47,N,WOODWRD2_RN,       87.49
04/17/2022 22:21:47,N,WOO_WOODWRD1,       87.49
04/17/2022 22:21:47,N,WOO_WOODWRD2,       87.42
04/17/2022 22:21:47,N,WOV_BESS_RN,      100.19
04/17/2022 22:21:47,N,WRSBES_BESS1,       94.48
04/17/2022 22:21:47,N,W_PECO_UNIT1,       94.62
04/17/2022 22:21:47,N,X443ESRN,       67.15
